LOC_ID	FULL_STR	ADDR_NUM	used_SITE_ADDR	x_meters	y_meters
M_140819_891186	"GILBERTVILLE ROAD"	6	0	140819	891186
M_140840_891265	"GILBERTVILLE ROAD"	12	0	140840	891265
M_140898_890054	"COY HILL RD"	170	0	140898	890054
M_140932_889827	"COY HILL RD"	156	0	140932	889827
M_140954_891299	"GILBERTVILLE ROAD"	15	0	140954	891299
M_140960_891264	"GILBERTVILLE ROAD"	11	0	140960	891264
M_141116_890685	"WEST MAIN STREET"	684	0	141116	890685
M_141260_891215	"WEST MAIN STREET"	667	0	141260	891215
M_141279_892584	"OFF LYON ROAD"	0	0	141279	892584
M_141288_892633	"OFF LYON ROAD"	0	0	141288	892633
M_141293_892088	"OFF GILVERTVILLE RD"	0	0	141293	892088
M_141335_892333	"OFF GILBERTVILLE RD"	0	0	141335	892333
M_141348_892525	"OFF LYON ROAD"	0	0	141348	892525
M_141359_890947	"WEST MAIN STREET"	652	0	141359	890947
M_141359_892724	"OFF LYON ROAD"	0	0	141359	892724
M_141443_892656	"LYON ROAD"	78	0	141443	892656
M_141484_891504	"OFF WARE ROAD"	0	0	141484	891504
M_141501_891842	"OFF GILBERTVILLE RD"	0	0	141501	891842
M_141519_893986	"OFF MILLER RD"	0	0	141519	893986
M_141523_892635	"LYON ROAD"	76	0	141523	892635
M_141525_889266	"COY HILL RD"	130	0	141525	889266
M_141569_892022	"OFF WHEELER ROAD"	12	0	141569	892022
M_141574_889826	"COY HILL RD"	159	0	141574	889826
M_141635_892804	"LYON ROAD"	68	0	141635	892804
M_141646_892933	"LYON ROAD"	77	0	141646	892933
M_141664_892638	"LYON ROAD"	60	0	141664	892638
M_141674_893949	"MILLER RD"	8	0	141674	893949
M_141711_892433	"OFF WHEELER ROAD"	9	0	141711	892433
M_141718_892887	"LYON ROAD"	69	0	141718	892887
M_141740_892252	"OFF WHEELER ROAD"	10	0	141740	892252
M_141752_892791	"LYON ROAD"	61	0	141752	892791
M_141762_891267	"WEST MAIN STREET"	631	0	141762	891267
M_141839_892609	"WHEELER ROAD"	5	0	141839	892609
M_141862_894017	"MILLER RD"	16	0	141862	894017
M_141867_892962	"LYON ROAD"	53	0	141867	892962
M_141877_893834	"MILLER RD"	7	0	141877	893834
M_141931_892247	"OFF WHEELER ROAD"	11	0	141931	892247
M_141939_892553	"WHEELER ROAD"	6	0	141939	892553
M_142018_892714	"LYON ROAD"	49	0	142018	892714
M_142039_891439	"WEST MAIN STREET"	611	0	142039	891439
M_142048_892567	"LYON ROAD"	36	0	142048	892567
M_142075_893051	"KENNEDY ROAD"	18	0	142075	893051
M_142097_894016	"MILLER RD"	38	0	142097	894016
M_142106_892716	"LYON ROAD"	29	0	142106	892716
M_142117_893633	"KENNEDY ROAD"	76	0	142117	893633
M_142143_892562	"LYON ROAD"	32	0	142143	892562
M_142150_893453	"OFF KENNEDY RD"	0	0	142150	893453
M_142198_889426	"COY HILL RD"	85	0	142198	889426
M_142210_892700	"LYON ROAD"	27	0	142210	892700
M_142211_892556	"LYON ROAD"	28	0	142211	892556
M_142269_890339	"WEST MAIN STREET"	466	0	142269	890339
M_142307_893864	"KENNEDY ROAD"	94	0	142307	893864
M_142307_894072	"MILLER RD"	48	0	142307	894072
M_142309_891073	"WEST MAIN STREET"	586	0	142309	891073
M_142317_893679	"KENNEDY ROAD"	80	0	142317	893679
M_142327_891172	"WEST MAIN STREET"	593	0	142327	891172
M_142361_891098	"WEST MAIN STREET"	585	0	142361	891098
M_142393_893180	"KENNEDY ROAD"	44	0	142393	893180
M_142394_892998	"KENNEDY ROAD"	30	0	142394	892998
M_142401_893064	"KENNEDY ROAD"	34	0	142401	893064
M_142414_889312	"COY HILL RD"	70	0	142414	889312
M_142417_892684	"LYON ROAD"	11	0	142417	892684
M_142430_892892	"KENNEDY ROAD"	24	0	142430	892892
M_142467_892072	"RAGGED HILL ROAD"	234	0	142467	892072
M_142483_893442	"KENNEDY ROAD"	62	0	142483	893442
M_142494_891292	"ROCKHURST HILL RD"	19	0	142494	891292
M_142495_893717	"KENNEDY ROAD"	78	0	142495	893717
M_142530_890793	"WEST MAIN STREET"	563	0	142530	890793
M_142531_893133	"KENNEDY ROAD"	38	0	142531	893133
M_142549_890738	"WEST MAIN STREET"	557	0	142549	890738
M_142580_890586	"WEST MAIN STREET"	537	0	142580	890586
M_142581_890700	"WELCOME ROAD"	8	0	142581	890700
M_142589_890563	"WEST MAIN STREET"	535	0	142589	890563
M_142598_890546	"WEST MAIN STREET"	531	0	142598	890546
M_142602_890949	"WEST MAIN STREET"	575	0	142602	890949
M_142608_890528	"WEST MAIN STREET"	529	0	142608	890528
M_142611_890686	"WELCOME ROAD"	12	0	142611	890686
M_142614_890600	"WEST MAIN STREET"	543	0	142614	890600
M_142618_892651	"KENNEDY ROAD"	5	0	142618	892651
M_142619_890510	"WEST MAIN STREET"	527	0	142619	890510
M_142625_892857	"KENNEDY ROAD"	19	0	142625	892857
M_142630_890676	"WELCOME ROAD"	14	0	142630	890676
M_142631_890491	"WEST MAIN STREET"	525	0	142631	890491
M_142642_890473	"WEST MAIN STREET"	523	0	142642	890473
M_142653_890455	"WEST MAIN STREET"	519	0	142653	890455
M_142658_889542	"COY HILL RD"	54	0	142658	889542
M_142659_890660	"WELCOME ROAD"	20	0	142659	890660
M_142660_890229	"WEST MAIN STREET"	494	0	142660	890229
M_142663_890436	"WEST MAIN STREET"	517	0	142663	890436
M_142673_890417	"WEST MAIN STREET"	513	0	142673	890417
M_142679_893172	"KENNEDY ROAD"	43	0	142679	893172
M_142681_890545	"WELCOME ROAD"	27	0	142681	890545
M_142683_890398	"WEST MAIN STREET"	511	0	142683	890398
M_142687_890644	"WELCOME ROAD"	24	0	142687	890644
M_142693_890380	"WEST MAIN STREET"	507	0	142693	890380
M_142697_890531	"WELCOME ROAD"	29	0	142697	890531
M_142705_890633	"WELCOME ROAD"	26	0	142705	890633
M_142715_890342	"WEST MAIN STREET"	503	0	142715	890342
M_142724_890529	"WELCOME ROAD"	31	0	142724	890529
M_142725_890623	"WELCOME ROAD"	30	0	142725	890623
M_142729_890434	"SHORELINE DRIVE"	192	0	142729	890434
M_142735_890291	"WEST MAIN STREET"	495	0	142735	890291
M_142736_893087	"KENNEDY ROAD"	35	0	142736	893087
M_142744_890613	"WELCOME ROAD"	32	0	142744	890613
M_142751_890529	"WELCOME ROAD"	33	0	142751	890529
M_142752_890256	"WEST MAIN STREET"	489	0	142752	890256
M_142754_893570	"KENNEDY ROAD"	67	0	142754	893570
M_142757_890462	"SHORELINE DRIVE"	194	0	142757	890462
M_142770_890599	"WELCOME ROAD"	38	0	142770	890599
M_142772_890223	"WEST MAIN STREET"	483	0	142772	890223
M_142772_890527	"WELCOME ROAD"	37	0	142772	890527
M_142784_890470	"SHORELINE DRIVE"	198	0	142784	890470
M_142790_890736	"OFF PIERCE ROAD"	0	0	142790	890736
M_142800_890358	"SHORELINE DRIVE"	187	0	142800	890358
M_142801_890324	"SHORELINE DRIVE"	183	0	142801	890324
M_142806_890524	"WELCOME ROAD"	41	0	142806	890524
M_142808_889837	"COY HILL RD"	69	0	142808	889837
M_142810_890473	"SHORELINE DRIVE"	200	0	142810	890473
M_142812_890596	"WELCOME ROAD"	42	0	142812	890596
M_142813_892882	"KENNEDY ROAD"	25	0	142813	892882
M_142815_892996	"KENNEDY ROAD"	29	0	142815	892996
M_142816_890392	"SHORELINE DRIVE"	197	0	142816	890392
M_142818_890302	"SHORELINE DRIVE"	179	0	142818	890302
M_142821_890175	"WEST MAIN STREET"	465	0	142821	890175
M_142824_890283	"SHORELINE DRIVE"	175	0	142824	890283
M_142825_890263	"SHORELINE DRIVE"	173	0	142825	890263
M_142828_890238	"SHORELINE DRIVE"	169	0	142828	890238
M_142836_890475	"SHORELINE DRIVE"	204	0	142836	890475
M_142837_890406	"SHORELINE DRIVE"	201	0	142837	890406
M_142843_890518	"WELCOME ROAD"	47	0	142843	890518
M_142844_890590	"WELCOME ROAD"	46	0	142844	890590
M_142845_890213	"SHORELINE DRIVE"	163	0	142845	890213
M_142860_890412	"SHORELINE DRIVE"	203	0	142860	890412
M_142860_891147	"PIERCE ROAD"	184	0	142860	891147
M_142864_890493	"SHORELINE DRIVE"	206	0	142864	890493
M_142867_890198	"SHORELINE DRIVE"	157	0	142867	890198
M_142879_890564	"WELCOME ROAD"	50	0	142879	890564
M_142880_892203	"RAGGED HILL ROAD"	216	0	142880	892203
M_142882_890414	"SHORELINE DRIVE"	207	0	142882	890414
M_142886_890490	"SHORELINE DRIVE"	210	0	142886	890490
M_142889_890193	"SHORELINE DRIVE"	153	0	142889	890193
M_142902_890423	"SHORELINE DRIVE"	209	0	142902	890423
M_142908_890552	"WELCOME ROAD"	54	0	142908	890552
M_142909_890490	"SHORELINE DRIVE"	214	0	142909	890490
M_142915_892595	"RAGGED HILL ROAD"	233	0	142915	892595
M_142918_893710	"KENNEDY ROAD"	77	0	142918	893710
M_142921_890185	"SHORELINE DRIVE"	149	0	142921	890185
M_142926_890538	"WELCOME ROAD"	58	0	142926	890538
M_142933_890585	"HEMLOCK STREET"	57	0	142933	890585
M_142935_890442	"SHORELINE DRIVE"	215	0	142935	890442
M_142939_891337	"PIERCE ROAD"	188	0	142939	891337
M_142941_891878	"PIERCE ROAD"	224	0	142941	891878
M_142944_891767	"PIERCE ROAD"	218	0	142944	891767
M_142952_891989	"PIERCE ROAD"	230	0	142952	891989
M_142956_890870	"OFF PIERCE ROAD"	0	0	142956	890870
M_142956_892348	"RAGGED HILL ROAD"	215	0	142956	892348
M_142957_890165	"SHORELINE DRIVE"	143	0	142957	890165
M_142961_890520	"WELCOME ROAD"	60	0	142961	890520
M_142962_892191	"RAGGED HILL ROAD"	212	0	142962	892191
M_142976_890597	"HEMLOCK STREET"	55	0	142976	890597
M_142978_890449	"SHORELINE DRIVE"	223	0	142978	890449
M_142981_890551	"HEMLOCK STREET"	56	0	142981	890551
M_142985_890962	"PIERCE ROAD"	160	0	142985	890962
M_142990_891516	"PIERCE ROAD"	200	0	142990	891516
M_142991_890168	"SHORELINE DRIVE"	137	0	142991	890168
M_142993_890512	"SHORELINE DRIVE"	226	0	142993	890512
M_142996_891428	"PIERCE ROAD"	194	0	142996	891428
M_143001_890117	"WEST MAIN STREET"	449	0	143001	890117
M_143002_890032	"WEST MAIN STREET"	448	0	143002	890032
M_143002_890195	"SHORELINE DRIVE"	131	0	143002	890195
M_143008_890603	"HEMLOCK STREET"	49	0	143008	890603
M_143011_890445	"SHORELINE DRIVE"	227	0	143011	890445
M_143015_890555	"HEMLOCK STREET"	50	0	143015	890555
M_143020_890220	"SHORELINE DRIVE"	125	0	143020	890220
M_143025_890517	"SHORELINE DRIVE"	230	0	143025	890517
M_143030_891105	"PIERCE ROAD"	172	0	143030	891105
M_143031_890250	"SHORELINE DRIVE"	121	0	143031	890250
M_143038_890609	"HEMLOCK STREET"	47	0	143038	890609
M_143045_890522	"SHORELINE DRIVE"	234	0	143045	890522
M_143048_892370	"RAGGED HILL ROAD"	211	0	143048	892370
M_143051_890463	"SHORELINE DRIVE"	233	0	143051	890463
M_143056_889698	"COY HILL RD"	22	0	143056	889698
M_143060_890565	"HEMLOCK STREET"	46	0	143060	890565
M_143064_890317	"SHORELINE DRIVE"	107	0	143064	890317
M_143066_890527	"SHORELINE DRIVE"	236	0	143066	890527
M_143069_893479	"KENNEDY ROAD"	57	0	143069	893479
M_143073_890468	"SHORELINE DRIVE"	235	0	143073	890468
M_143083_890617	"HEMLOCK STREET"	41	0	143083	890617
M_143083_892142	"RAGGED HILL ROAD"	204	0	143083	892142
M_143085_891996	"PIERCE ROAD"	229	0	143085	891996
M_143086_890210	"SHORELINE DRIVE"	124	0	143086	890210
M_143086_892062	"PIERCE ROAD"	235	0	143086	892062
M_143087_890532	"SHORELINE DRIVE"	240	0	143087	890532
M_143090_891661	"PIERCE ROAD"	207	0	143090	891661
M_143093_891735	"PIERCE ROAD"	211	0	143093	891735
M_143094_890474	"SHORELINE DRIVE"	237	0	143094	890474
M_143094_890805	"PIERCE ROAD"	144	0	143094	890805
M_143099_890245	"SHORELINE DRIVE"	86	0	143099	890245
M_143099_891803	"PIERCE ROAD"	217	0	143099	891803
M_143103_889392	"BEEMAN ROAD"	18	0	143103	889392
M_143105_890575	"HEMLOCK STREET"	40	0	143105	890575
M_143108_890539	"SHORELINE DRIVE"	242	0	143108	890539
M_143110_890347	"SHORELINE DRIVE"	101	0	143110	890347
M_143115_890479	"SHORELINE DRIVE"	241	0	143115	890479
M_143115_890741	"PIERCE ROAD"	136	0	143115	890741
M_143117_890109	"WEST MAIN STREET"	441	0	143117	890109
M_143122_891593	"PIERCE ROAD"	201	0	143122	891593
M_143123_890330	"SHORELINE DRIVE"	99	0	143123	890330
M_143125_890141	"SHORELINE DRIVE"	22	0	143125	890141
M_143126_890159	"SHORELINE DRIVE"	26	0	143126	890159
M_143126_890307	"SHORELINE DRIVE"	95	0	143126	890307
M_143126_890625	"HEMLOCK STREET"	35	0	143126	890625
M_143129_890177	"SHORELINE DRIVE"	32	0	143129	890177
M_143130_891392	"PIERCE ROAD"	191	0	143130	891392
M_143131_890540	"SHORELINE DRIVE"	244	0	143131	890540
M_143133_890195	"SHORELINE DRIVE"	36	0	143133	890195
M_143133_890578	"HEMLOCK STREET"	36	0	143133	890578
M_143133_891867	"PIERCE ROAD"	221	0	143133	891867
M_143136_890215	"SHORELINE DRIVE"	42	0	143136	890215
M_143136_891926	"PIERCE ROAD"	225	0	143136	891926
M_143139_890239	"SHORELINE DRIVE"	40	0	143139	890239
M_143139_890678	"PIERCE ROAD"	126	0	143139	890678
M_143143_890476	"SHORELINE DRIVE"	243	0	143143	890476
M_143149_890293	"SHORELINE DRIVE"	77	0	143149	890293
M_143152_890538	"SHORELINE DRIVE"	246	0	143152	890538
M_143156_890100	"SHORELINE DRIVE"	12	0	143156	890100
M_143156_890889	"PIERCE ROAD"	152	0	143156	890889
M_143159_890579	"HEMLOCK STREET"	32	0	143159	890579
M_143162_891314	"PIERCE ROAD"	185	0	143162	891314
M_143165_890631	"HEMLOCK STREET"	31	0	143165	890631
M_143168_889986	"WEST MAIN STREET"	420	0	143168	889986
M_143173_890471	"SHORELINE DRIVE"	247	0	143173	890471
M_143173_890536	"SHORELINE DRIVE"	248	0	143173	890536
M_143181_892048	"RAGGED HILL ROAD"	198	0	143181	892048
M_143182_890580	"HEMLOCK STREET"	30	0	143182	890580
M_143186_891249	"PIERCE ROAD"	179	0	143186	891249
M_143193_892408	"RAGGED HILL ROAD"	209	0	143193	892408
M_143194_890534	"SHORELINE DRIVE"	250	0	143194	890534
M_143195_890152	"SHORELINE DRIVE"	25	0	143195	890152
M_143195_890317	"SHORELINE DRIVE"	65	0	143195	890317
M_143196_890466	"SHORELINE DRIVE"	251	0	143196	890466
M_143200_890173	"SHORELINE DRIVE"	33	0	143200	890173
M_143201_890128	"SHORELINE DRIVE"	19	0	143201	890128
M_143202_890193	"SHORELINE DRIVE"	39	0	143202	890193
M_143202_890217	"SHORELINE DRIVE"	45	0	143202	890217
M_143202_890637	"HEMLOCK STREET"	25	0	143202	890637
M_143203_890581	"HEMLOCK STREET"	26	0	143203	890581
M_143207_893999	"KENNEDY ROAD"	89	0	143207	893999
M_143209_891115	"PIERCE ROAD"	171	0	143209	891115
M_143209_891190	"PIERCE ROAD"	175	0	143209	891190
M_143212_893182	"KENNEDY ROAD"	47	0	143212	893182
M_143214_890107	"SHORELINE DRIVE"	11	0	143214	890107
M_143215_890533	"SHORELINE DRIVE"	254	0	143215	890533
M_143216_890236	"SHORELINE DRIVE"	53	0	143216	890236
M_143217_890466	"SHORELINE DRIVE"	253	0	143217	890466
M_143223_890087	"WEST MAIN STREET"	423	0	143223	890087
M_143224_890309	"SHORELINE DRIVE"	63	0	143224	890309
M_143226_890641	"HEMLOCK STREET"	21	0	143226	890641
M_143232_890582	"HEMLOCK STREET"	22	0	143232	890582
M_143233_890066	"WEST MAIN STREET"	421	0	143233	890066
M_143235_890468	"SHORELINE DRIVE"	255	0	143235	890468
M_143236_890533	"SHORELINE DRIVE"	256	0	143236	890533
M_143241_890300	"SHORELINE DRIVE"	61	0	143241	890300
M_143242_890245	"SHORELINE DRIVE"	55	0	143242	890245
M_143245_890262	"SHORELINE DRIVE"	57	0	143245	890262
M_143245_890280	"SHORELINE DRIVE"	59	0	143245	890280
M_143247_892032	"RAGGED HILL ROAD"	192	0	143247	892032
M_143248_890645	"HEMLOCK STREET"	19	0	143248	890645
M_143249_890950	"PIERCE ROAD"	157	0	143249	890950
M_143254_890045	"WEST MAIN STREET"	415	0	143254	890045
M_143255_890467	"SHORELINE DRIVE"	259	0	143255	890467
M_143257_890533	"SHORELINE DRIVE"	260	0	143257	890533
M_143259_890584	"HEMLOCK STREET"	12	0	143259	890584
M_143262_890874	"PIERCE ROAD"	151	0	143262	890874
M_143269_890648	"HEMLOCK STREET"	17	0	143269	890648
M_143273_890463	"SHORELINE DRIVE"	261	0	143273	890463
M_143277_889967	"WEST MAIN STREET"	406	0	143277	889967
M_143286_890959	"WHISPERING PINE DR"	10	0	143286	890959
M_143289_890826	"PIERCE ROAD"	139	0	143289	890826
M_143290_890455	"SHORELINE DRIVE"	265	0	143290	890455
M_143295_891528	"PIERCE ROAD"	195	0	143295	891528
M_143296_890524	"SHORELINE DRIVE"	264	0	143296	890524
M_143301_891959	"RAGGED HILL ROAD"	188	0	143301	891959
M_143302_890663	"PIERCE ROAD"	120	0	143302	890663
M_143303_890000	"WEST MAIN STREET"	407	0	143303	890000
M_143307_890447	"SHORELINE DRIVE"	267	0	143307	890447
M_143308_890640	"PIERCE ROAD"	116	0	143308	890640
M_143314_890619	"HEMLOCK STREET"	15	0	143314	890619
M_143314_890894	"JUNIPER STREET"	96	0	143314	890894
M_143315_890517	"SHORELINE DRIVE"	266	0	143315	890517
M_143315_892745	"RAGGED HILL ROAD"	213	0	143315	892745
M_143317_890967	"WHISPERING PINE DR"	12	0	143317	890967
M_143318_890597	"HEMLOCK STREET"	11	0	143318	890597
M_143321_890435	"SHORELINE DRIVE"	271	0	143321	890435
M_143321_890555	"HEMLOCK STREET"	7	0	143321	890555
M_143322_890576	"HEMLOCK STREET"	9	0	143322	890576
M_143322_890877	"JUNIPER STREET"	94	0	143322	890877
M_143324_889260	"OFF DOUGLAS RD"	0	0	143324	889260
M_143327_890814	"PIERCE ROAD"	135	0	143327	890814
M_143329_890861	"JUNIPER STREET"	90	0	143329	890861
M_143337_890843	"JUNIPER STREET"	88	0	143337	890843
M_143338_890502	"SHORELINE DRIVE"	270	0	143338	890502
M_143341_890708	"PIERCE ROAD"	123	0	143341	890708
M_143344_889856	"WEST MAIN STREET"	390	0	143344	889856
M_143344_890417	"SHORELINE DRIVE"	275	0	143344	890417
M_143344_890772	"PIERCE ROAD"	131	0	143344	890772
M_143355_892145	"RAGGED HILL ROAD"	187	0	143355	892145
M_143358_890978	"WHISPERING PINE DR"	18	0	143358	890978
M_143358_891944	"RAGGED HILL ROAD"	184	0	143358	891944
M_143364_890521	"PIERCE ROAD"	100	0	143364	890521
M_143367_890668	"PIERCE ROAD"	117	0	143367	890668
M_143372_890922	"JUNIPER STREET"	95	0	143372	890922
M_143381_890468	"PIERCE ROAD"	92	0	143381	890468
M_143386_890626	"PIERCE ROAD"	111	0	143386	890626
M_143387_890401	"SHORELINE DRIVE"	279	0	143387	890401
M_143389_890986	"WHISPERING PINE DR"	24	0	143389	890986
M_143390_890882	"JUNIPER STREET"	89	0	143390	890882
M_143391_890725	"JUNIPER STREET"	72	0	143391	890725
M_143404_890583	"PIERCE ROAD"	103	0	143404	890583
M_143404_890696	"JUNIPER STREET"	68	0	143404	890696
M_143407_890842	"JUNIPER STREET"	83	0	143407	890842
M_143413_889923	"WEST MAIN STREET"	389	0	143413	889923
M_143415_890938	"WHISPERING PINE DR"	25	0	143415	890938
M_143416_890551	"PIERCE ROAD"	101	0	143416	890551
M_143416_891928	"RAGGED HILL ROAD"	178	0	143416	891928
M_143417_890667	"JUNIPER STREET"	64	0	143417	890667
M_143418_892121	"RAGGED HILL ROAD"	183	0	143418	892121
M_143420_890994	"WHISPERING PINE DR"	26	0	143420	890994
M_143424_889739	"WEST MAIN STREET"	374	0	143424	889739
M_143425_890647	"JUNIPER STREET"	60	0	143425	890647
M_143425_890803	"JUNIPER STREET"	79	0	143425	890803
M_143426_890345	"PIERCE ROAD"	76	0	143426	890345
M_143427_890521	"PIERCE ROAD"	97	0	143427	890521
M_143430_891060	"PIERCE ROAD"	163	0	143430	891060
M_143432_890900	"WHITE BIRCH DRIVE"	68	0	143432	890900
M_143433_891181	"PIERCE ROAD"	167	0	143433	891181
M_143434_890627	"JUNIPER STREET"	58	0	143434	890627
M_143437_889256	"OFF DOUGLAS RD"	0	0	143437	889256
M_143437_890773	"JUNIPER STREET"	73	0	143437	890773
M_143438_889953	"PIERCE ROAD"	10	0	143438	889953
M_143438_890491	"PIERCE ROAD"	91	0	143438	890491
M_143443_890263	"PIERCE ROAD"	66	0	143443	890263
M_143445_889808	"WEST MAIN STREET"	380	0	143445	889808
M_143445_890871	"WHITE BIRCH DRIVE"	64	0	143445	890871
M_143446_890598	"JUNIPER STREET"	52	0	143446	890598
M_143448_890232	"PIERCE ROAD"	62	0	143448	890232
M_143453_890450	"PIERCE ROAD"	85	0	143453	890450
M_143454_889980	"PIERCE ROAD"	16	0	143454	889980
M_143454_890734	"JUNIPER STREET"	67	0	143454	890734
M_143461_891005	"WHISPERING PINE DR"	34	0	143461	891005
M_143463_890557	"JUNIPER STREET"	48	0	143463	890557
M_143466_890215	"PIERCE ROAD"	58	0	143466	890215
M_143466_890822	"WHITE BIRCH DRIVE"	54	0	143466	890822
M_143467_890404	"LAKE VIEW DRIVE"	8	0	143467	890404
M_143473_890951	"WHISPERING PINE DR"	33	0	143473	890951
M_143475_890528	"JUNIPER STREET"	42	0	143475	890528
M_143476_891914	"RAGGED HILL ROAD"	174	0	143476	891914
M_143480_890675	"JUNIPER STREET"	59	0	143480	890675
M_143482_892104	"RAGGED HILL ROAD"	177	0	143482	892104
M_143483_889675	"WEST MAIN STREET"	372	0	143483	889675
M_143487_890498	"JUNIPER STREET"	38	0	143487	890498
M_143488_890655	"JUNIPER STREET"	57	0	143488	890655
M_143488_890773	"WHITE BIRCH DRIVE"	50	0	143488	890773
M_143492_890704	"JUNIPER STREET"	63	0	143492	890704
M_143494_890914	"WHITE BIRCH DRIVE"	65	0	143494	890914
M_143495_890353	"LAKE VIEW DRIVE"	7	0	143495	890353
M_143496_890753	"WHITE BIRCH DRIVE"	48	0	143496	890753
M_143497_889894	"MILL ROAD"	6	0	143497	889894
M_143497_890636	"JUNIPER STREET"	53	0	143497	890636
M_143499_889928	"PIERCE ROAD"	9	0	143499	889928
M_143503_890042	"PIERCE ROAD"	24	0	143503	890042
M_143503_890459	"JUNIPER STREET"	32	0	143503	890459
M_143503_891015	"WHISPERING PINE DR"	40	0	143503	891015
M_143505_890209	"PIERCE ROAD"	52	0	143505	890209
M_143505_890733	"WHITE BIRCH DRIVE"	46	0	143505	890733
M_143506_890616	"JUNIPER STREET"	51	0	143506	890616
M_143511_890874	"WHITE BIRCH DRIVE"	59	0	143511	890874
M_143512_891368	"OFF RAGGED HILL RD"	0	0	143512	891368
M_143513_891508	"OFF RAGGED HILL RD"	0	0	143513	891508
M_143515_890298	"PIERCE ROAD"	65	0	143515	890298
M_143515_890430	"JUNIPER STREET"	28	0	143515	890430
M_143518_890586	"JUNIPER STREET"	45	0	143518	890586
M_143518_890973	"WHISPERING PINE DR"	39	0	143518	890973
M_143522_890694	"WHITE BIRCH DRIVE"	40	0	143522	890694
M_143524_890845	"WHITE BIRCH DRIVE"	55	0	143524	890845
M_143528_889588	"DOUGLAS RD"	5	0	143528	889588
M_143530_890674	"WHITE BIRCH DRIVE"	36	0	143530	890674
M_143531_890557	"JUNIPER STREET"	43	0	143531	890557
M_143532_890825	"WHITE BIRCH DRIVE"	53	0	143532	890825
M_143534_891023	"WHISPERING PINE DR"	44	0	143534	891023
M_143540_890165	"PIERCE ROAD"	46	0	143540	890165
M_143540_890537	"JUNIPER STREET"	39	0	143540	890537
M_143541_890806	"WHITE BIRCH DRIVE"	51	0	143541	890806
M_143542_892076	"RAGGED HILL ROAD"	173	0	143542	892076
M_143543_890645	"WHITE BIRCH DRIVE"	32	0	143543	890645
M_143546_890381	"JUNIPER STREET"	20	0	143546	890381
M_143547_890906	"HILLTOP DRIVE"	64	0	143547	890906
M_143548_892461	"RAGGED HILL ROAD"	199	0	143548	892461
M_143549_889465	"DOUGLAS RD"	11	0	143549	889465
M_143550_891742	"RAGGED HILL ROAD"	156	0	143550	891742
M_143551_889898	"MILL ROAD"	12	0	143551	889898
M_143554_890776	"WHITE BIRCH DRIVE"	45	0	143554	890776
M_143554_891029	"WHISPERING PINE DR"	46	0	143554	891029
M_143555_889952	"PIERCE ROAD"	17	0	143555	889952
M_143555_890359	"JUNIPER STREET"	18	0	143555	890359
M_143556_890615	"WHITE BIRCH DRIVE"	28	0	143556	890615
M_143557_890498	"JUNIPER STREET"	33	0	143557	890498
M_143563_890339	"JUNIPER STREET"	16	0	143563	890339
M_143565_890250	"PIERCE ROAD"	53	0	143565	890250
M_143565_890478	"JUNIPER STREET"	31	0	143565	890478
M_143566_890863	"HILLTOP DRIVE"	58	0	143566	890863
M_143568_891900	"RAGGED HILL ROAD"	168	0	143568	891900
M_143569_889799	"WEST MAIN STREET"	371	0	143569	889799
M_143569_890527	"WHITE BIRCH DRIVE"	16	0	143569	890527
M_143569_890585	"WHITE BIRCH DRIVE"	22	0	143569	890585
M_143573_889243	"DOUGLAS RD"	27	0	143573	889243
M_143574_890209	"PIERCE ROAD"	49	0	143574	890209
M_143574_890458	"JUNIPER STREET"	27	0	143574	890458
M_143574_890844	"HILLTOP DRIVE"	56	0	143574	890844
M_143575_891034	"WHISPERING PINE DR"	50	0	143575	891034
M_143580_890299	"JUNIPER STREET"	8	0	143580	890299
M_143582_889371	"DOUGLAS RD"	19	0	143582	889371
M_143582_890556	"WHITE BIRCH DRIVE"	20	0	143582	890556
M_143582_890978	"HILLTOP DRIVE"	69	0	143582	890978
M_143583_890438	"LAKE VIEW DRIVE"	22	0	143583	890438
M_143583_890824	"HILLTOP DRIVE"	52	0	143583	890824
M_143584_891347	"CEDAR DRIVE"	114	0	143584	891347
M_143585_889301	"DOUGLAS RD"	23	0	143585	889301
M_143587_890697	"WHITE BIRCH DRIVE"	33	0	143587	890697
M_143589_889887	"MILL ROAD"	18	0	143589	889887
M_143591_890746	"WHITE BIRCH DRIVE"	39	0	143591	890746
M_143591_890804	"HILLTOP DRIVE"	50	0	143591	890804
M_143592_891320	"CEDAR DRIVE"	112	0	143592	891320
M_143593_890188	"MEADOW STREET"	32	0	143593	890188
M_143594_890005	"PIERCE ROAD"	29	0	143594	890005
M_143595_890164	"PIERCE ROAD"	43	0	143595	890164
M_143596_890113	"PIERCE ROAD"	37	0	143596	890113
M_143596_891039	"WHISPERING PINE DR"	52	0	143596	891039
M_143597_893295	"TOWER ROAD"	59	0	143597	893295
M_143599_890141	"PIERCE ROAD"	41	0	143599	890141
M_143599_890403	"LAKE VIEW DRIVE"	21	0	143599	890403
M_143600_890668	"WHITE BIRCH DRIVE"	31	0	143600	890668
M_143600_890785	"HILLTOP DRIVE"	46	0	143600	890785
M_143601_890936	"HILLTOP DRIVE"	63	0	143601	890936
M_143603_890507	"WHITE BIRCH DRIVE"	12	0	143603	890507
M_143603_891364	"CEDAR DRIVE"	116	0	143603	891364
M_143607_890384	"JUNIPER STREET"	17	0	143607	890384
M_143609_890093	"MEADOW STREET"	16	0	143609	890093
M_143609_890648	"WHITE BIRCH DRIVE"	27	0	143609	890648
M_143611_891291	"CEDAR DRIVE"	108	0	143611	891291
M_143612_889874	"MILL ROAD"	20	0	143612	889874
M_143616_890477	"WHITE BIRCH DRIVE"	8	0	143616	890477
M_143617_890629	"WHITE BIRCH DRIVE"	25	0	143617	890629
M_143619_890366	"JUNIPER STREET"	15	0	143619	890366
M_143622_890344	"JUNIPER STREET"	11	0	143622	890344
M_143622_890887	"HILLTOP DRIVE"	57	0	143622	890887
M_143623_891261	"CEDAR DRIVE"	104	0	143623	891261
M_143625_890062	"MEADOW STREET"	12	0	143625	890062
M_143625_890315	"MEADOW STREET"	44	0	143625	890315
M_143625_890726	"HILLTOP DRIVE"	38	0	143625	890726
M_143625_890994	"WHISPERING PINE DR"	53	0	143625	890994
M_143626_890455	"LAKE VIEW DRIVE"	28	0	143626	890455
M_143630_890599	"WHITE BIRCH DRIVE"	21	0	143630	890599
M_143632_889859	"MILL ROAD"	24	0	143632	889859
M_143636_890408	"MEADOW STREET"	58	0	143636	890408
M_143636_891050	"WHISPERING PINE DR"	56	0	143636	891050
M_143638_890696	"HILLTOP DRIVE"	34	0	143638	890696
M_143639_891238	"CEDAR DRIVE"	102	0	143639	891238
M_143641_890031	"MEADOW STREET"	8	0	143641	890031
M_143642_890570	"WHITE BIRCH DRIVE"	17	0	143642	890570
M_143642_890957	"FOREST DRIVE"	66	0	143642	890957
M_143643_891208	"CEDAR DRIVE"	96	0	143643	891208
M_143647_890829	"HILLTOP DRIVE"	47	0	143647	890829
M_143648_893262	"TOWER RD"	57	0	143648	893262
M_143649_890152	"MEADOW STREET"	21	0	143649	890152
M_143649_890176	"MEADOW STREET"	25	0	143649	890176
M_143650_890116	"MEADOW STREET"	17	0	143650	890116
M_143651_890550	"WHITE BIRCH DRIVE"	15	0	143651	890550
M_143653_890011	"MEADOW STREET"	4	0	143653	890011
M_143653_890207	"MEADOW STREET"	29	0	143653	890207
M_143655_890657	"HILLTOP DRIVE"	28	0	143655	890657
M_143655_891375	"CEDAR DRIVE"	111	0	143655	891375
M_143658_889726	"WEST MAIN STREET"	363	0	143658	889726
M_143659_890239	"MEADOW STREET"	33	0	143659	890239
M_143659_890530	"WHITE BIRCH DRIVE"	11	0	143659	890530
M_143659_890918	"FOREST DRIVE"	60	0	143659	890918
M_143661_889910	"STAGECOACH ROAD"	20	0	143661	889910
M_143662_890259	"MEADOW STREET"	37	0	143662	890259
M_143663_891173	"CEDAR DRIVE"	92	0	143663	891173
M_143665_889846	"MILL ROAD"	28	0	143665	889846
M_143665_890280	"MEADOW STREET"	39	0	143665	890280
M_143668_890511	"WHITE BIRCH DRIVE"	7	0	143668	890511
M_143668_890627	"HILLTOP DRIVE"	24	0	143668	890627
M_143669_890780	"HILLTOP DRIVE"	41	0	143669	890780
M_143670_890312	"MEADOW STREET"	43	0	143670	890312
M_143675_889943	"STAGECOACH ROAD"	24	0	143675	889943
M_143675_890879	"FOREST DRIVE"	54	0	143675	890879
M_143675_891070	"WHISPERING PINE DR"	64	0	143675	891070
M_143676_890344	"MEADOW STREET"	49	0	143676	890344
M_143676_890491	"WHITE BIRCH DRIVE"	5	0	143676	890491
M_143676_890608	"HILLTOP DRIVE"	22	0	143676	890608
M_143676_891145	"CEDAR DRIVE"	88	0	143676	891145
M_143676_891329	"CEDAR DRIVE"	109	0	143676	891329
M_143679_890072	"MEADOW STREET"	7	0	143679	890072
M_143679_890365	"MEADOW STREET"	51	0	143679	890365
M_143680_891019	"WHISPERING PINE DR"	61	0	143680	891019
M_143683_889894	"STAGECOACH ROAD"	18	0	143683	889894
M_143683_890116	"STAGECOACH ROAD"	46	0	143683	890116
M_143683_890387	"MEADOW STREET"	55	0	143683	890387
M_143683_891111	"CEDAR DRIVE"	84	0	143683	891111
M_143685_890588	"HILLTOP DRIVE"	18	0	143685	890588
M_143685_891297	"CEDAR DRIVE"	105	0	143685	891297
M_143685_892193	"RAGGED HILL ROAD"	167	0	143685	892193
M_143686_890408	"MEADOW STREET"	57	0	143686	890408
M_143686_890471	"LAKE VIEW DRIVE"	36	0	143686	890471
M_143686_890740	"HILLTOP DRIVE"	35	0	143686	890740
M_143688_890148	"STAGECOACH ROAD"	50	0	143688	890148
M_143689_891000	"FOREST DRIVE"	69	0	143689	891000
M_143691_890169	"STAGECOACH ROAD"	52	0	143691	890169
M_143692_890840	"FOREST DRIVE"	50	0	143692	890840
M_143693_890433	"LAKE VIEW DRIVE"	35	0	143693	890433
M_143693_890568	"HILLTOP DRIVE"	16	0	143693	890568
M_143694_890190	"STAGECOACH ROAD"	56	0	143694	890190
M_143696_891268	"CEDAR DRIVE"	99	0	143696	891268
M_143699_889877	"STAGECOACH ROAD"	16	0	143699	889877
M_143699_890221	"STAGECOACH ROAD"	60	0	143699	890221
M_143702_890549	"HILLTOP DRIVE"	12	0	143702	890549
M_143703_890701	"HILLTOP DRIVE"	29	0	143703	890701
M_143704_890253	"STAGECOACH ROAD"	64	0	143704	890253
M_143707_890274	"STAGECOACH ROAD"	68	0	143707	890274
M_143709_889685	"WEST MAIN STREET"	355	0	143709	889685
M_143709_890801	"FOREST DRIVE"	44	0	143709	890801
M_143710_890529	"HILLTOP DRIVE"	10	0	143710	890529
M_143711_890295	"STAGECOACH ROAD"	70	0	143711	890295
M_143714_890316	"STAGECOACH ROAD"	74	0	143714	890316
M_143715_891227	"CEDAR DRIVE"	97	0	143715	891227
M_143717_890337	"STAGECOACH ROAD"	76	0	143717	890337
M_143719_891191	"CEDAR DRIVE"	91	0	143719	891191
M_143720_890662	"HILLTOP DRIVE"	25	0	143720	890662
M_143721_889334	"DOUGLAS RD"	26	0	143721	889334
M_143722_890369	"STAGECOACH ROAD"	82	0	143722	890369
M_143722_891072	"CEDAR DRIVE"	78	0	143722	891072
M_143724_889834	"MILL ROAD"	36	0	143724	889834
M_143724_890497	"LAKE VIEW DRIVE"	42	0	143724	890497
M_143725_892898	"TOWER RD"	40	0	143725	892898
M_143726_890762	"FOREST DRIVE"	38	0	143726	890762
M_143727_890402	"STAGECOACH ROAD"	84	0	143727	890402
M_143727_890913	"FOREST DRIVE"	55	0	143727	890913
M_143727_890981	"CEDAR DRIVE"	62	0	143727	890981
M_143730_891500	"RAGGED HILL ROAD"	138	0	143730	891500
M_143731_890423	"STAGECOACH ROAD"	88	0	143731	890423
M_143733_890054	"STAGECOACH ROAD"	37	0	143733	890054
M_143733_890632	"HILLTOP DRIVE"	21	0	143733	890632
M_143734_891165	"CEDAR DRIVE"	87	0	143734	891165
M_143735_889959	"STAGECOACH ROAD"	23	0	143735	889959
M_143737_890447	"LAKE VIEW DRIVE"	41	0	143737	890447
M_143739_890096	"STAGECOACH ROAD"	43	0	143739	890096
M_143740_891736	"RAGGED HILL ROAD"	154	0	143740	891736
M_143743_890723	"FOREST DRIVE"	34	0	143743	890723
M_143743_890875	"FOREST DRIVE"	51	0	143743	890875
M_143744_890127	"STAGECOACH ROAD"	49	0	143744	890127
M_143745_889993	"STAGECOACH ROAD"	31	0	143745	889993
M_143745_890603	"HILLTOP DRIVE"	15	0	143745	890603
M_143746_891132	"CEDAR DRIVE"	83	0	143746	891132
M_143747_890148	"STAGECOACH ROAD"	51	0	143747	890148
M_143750_890169	"STAGECOACH ROAD"	53	0	143750	890169
M_143753_892056	"RAGGED HILL ROAD"	153	0	143753	892056
M_143754_890190	"STAGECOACH ROAD"	57	0	143754	890190
M_143756_890846	"FOREST DRIVE"	47	0	143756	890846
M_143757_890211	"STAGECOACH ROAD"	59	0	143757	890211
M_143760_890232	"STAGECOACH ROAD"	63	0	143760	890232
M_143762_890563	"HILLTOP DRIVE"	9	0	143762	890563
M_143763_890253	"STAGECOACH ROAD"	65	0	143763	890253
M_143764_889641	"WEST MAIN STREET"	353	0	143764	889641
M_143764_890675	"FOREST DRIVE"	26	0	143764	890675
M_143764_890827	"FOREST DRIVE"	43	0	143764	890827
M_143766_890274	"STAGECOACH ROAD"	67	0	143766	890274
M_143767_891095	"CEDAR DRIVE"	77	0	143767	891095
M_143768_890930	"CEDAR DRIVE"	58	0	143768	890930
M_143769_890295	"STAGECOACH ROAD"	71	0	143769	890295
M_143773_890316	"STAGECOACH ROAD"	73	0	143773	890316
M_143775_890048	"BROOK DRIVE"	12	0	143775	890048
M_143775_890534	"HILLTOP DRIVE"	7	0	143775	890534
M_143776_890337	"STAGECOACH ROAD"	75	0	143776	890337
M_143777_890798	"FOREST DRIVE"	39	0	143777	890798
M_143779_890359	"STAGECOACH ROAD"	79	0	143779	890359
M_143780_890904	"CEDAR DRIVE"	54	0	143780	890904
M_143781_890637	"FOREST DRIVE"	20	0	143781	890637
M_143783_890100	"BROOK DRIVE"	20	0	143783	890100
M_143784_889891	"STAGECOACH ROAD"	11	0	143784	889891
M_143784_889937	"STAGECOACH ROAD"	15	0	143784	889937
M_143785_889849	"STAGECOACH ROAD"	5	0	143785	889849
M_143786_890402	"STAGECOACH ROAD"	83	0	143786	890402
M_143786_890510	"LAKE VIEW DRIVE"	50	0	143786	890510
M_143788_891036	"CEDAR DRIVE"	67	0	143788	891036
M_143789_890884	"CEDAR DRIVE"	52	0	143789	890884
M_143791_890152	"BROOK DRIVE"	26	0	143791	890152
M_143792_889754	"MILL ROAD"	43	0	143792	889754
M_143792_890444	"STAGECOACH ROAD"	91	0	143792	890444
M_143792_891067	"CEDAR DRIVE"	71	0	143792	891067
M_143793_890609	"FOREST DRIVE"	16	0	143793	890609
M_143796_890184	"BROOK DRIVE"	30	0	143796	890184
M_143797_890750	"FOREST DRIVE"	33	0	143797	890750
M_143797_891016	"CEDAR DRIVE"	65	0	143797	891016
M_143799_890469	"LAKE VIEW DRIVE"	49	0	143799	890469
M_143800_890215	"BROOK DRIVE"	34	0	143800	890215
M_143801_890855	"CEDAR DRIVE"	48	0	143801	890855
M_143805_890247	"BROOK DRIVE"	38	0	143805	890247
M_143806_890996	"CEDAR DRIVE"	61	0	143806	890996
M_143809_890268	"BROOK DRIVE"	42	0	143809	890268
M_143809_890571	"FOREST DRIVE"	10	0	143809	890571
M_143812_890289	"BROOK DRIVE"	44	0	143812	890289
M_143814_890826	"CEDAR DRIVE"	44	0	143814	890826
M_143817_890321	"BROOK DRIVE"	48	0	143817	890321
M_143818_890703	"FOREST DRIVE"	25	0	143818	890703
M_143821_890543	"FOREST DRIVE"	8	0	143821	890543
M_143821_890963	"CEDAR DRIVE"	57	0	143821	890963
M_143823_890807	"CEDAR DRIVE"	40	0	143823	890807
M_143826_891037	"OFF CEDAR DRIVE"	0	0	143826	891037
M_143828_890363	"BROOK DRIVE"	54	0	143828	890363
M_143829_890944	"CEDAR DRIVE"	55	0	143829	890944
M_143830_890525	"LAKE VIEW DRIVE"	56	0	143830	890525
M_143831_890787	"CEDAR DRIVE"	38	0	143831	890787
M_143834_890666	"FOREST DRIVE"	21	0	143834	890666
M_143836_890394	"BROOK DRIVE"	58	0	143836	890394
M_143837_889986	"BROOK DRIVE"	3	0	143837	889986
M_143838_890924	"CEDAR DRIVE"	53	0	143838	890924
M_143839_890769	"CEDAR DRIVE"	36	0	143839	890769
M_143842_890485	"BROOK DRIVE"	72	0	143842	890485
M_143845_890453	"BROOK DRIVE"	70	0	143845	890453
M_143846_890005	"BROOK DRIVE"	7	0	143846	890005
M_143846_890638	"FOREST DRIVE"	17	0	143846	890638
M_143846_890905	"CEDAR DRIVE"	51	0	143846	890905
M_143847_890419	"BROOK DRIVE"	62	0	143847	890419
M_143848_891042	"OFF CEDAR DRIVE"	0	0	143848	891042
M_143850_890035	"BROOK DRIVE"	11	0	143850	890035
M_143852_890741	"CEDAR DRIVE"	30	0	143852	890741
M_143853_890067	"BROOK DRIVE"	15	0	143853	890067
M_143854_890619	"FOREST DRIVE"	15	0	143854	890619
M_143855_890088	"BROOK DRIVE"	17	0	143855	890088
M_143855_890885	"CEDAR DRIVE"	49	0	143855	890885
M_143859_890954	"OFF CEDAR DRIVE"	0	0	143859	890954
M_143860_890119	"BROOK DRIVE"	21	0	143860	890119
M_143861_890151	"BROOK DRIVE"	27	0	143861	890151
M_143862_890172	"BROOK DRIVE"	29	0	143862	890172
M_143862_890195	"BROOK DRIVE"	31	0	143862	890195
M_143862_890600	"FOREST DRIVE"	11	0	143862	890600
M_143864_890216	"BROOK DRIVE"	35	0	143864	890216
M_143864_890712	"CEDAR DRIVE"	26	0	143864	890712
M_143867_891030	"OFF CEDAR DRIVE"	0	0	143867	891030
M_143868_890237	"BROOK DRIVE"	37	0	143868	890237
M_143869_890258	"BROOK DRIVE"	41	0	143869	890258
M_143870_890582	"FOREST DRIVE"	9	0	143870	890582
M_143870_890852	"CEDAR DRIVE"	43	0	143870	890852
M_143876_890685	"CEDAR DRIVE"	22	0	143876	890685
M_143878_890563	"FOREST DRIVE"	5	0	143878	890563
M_143879_890910	"OFF CEDAR DRIVE"	0	0	143879	890910
M_143880_889414	"WEST MAIN STREET"	342	0	143880	889414
M_143883_890322	"BROOK DRIVE"	51	0	143883	890322
M_143883_892080	"RAGGED HILL ROAD"	147	0	143883	892080
M_143885_891007	"OFF CEDAR DRIVE"	0	0	143885	891007
M_143887_890545	"LAKE VIEW DRIVE"	64	0	143887	890545
M_143888_890657	"CEDAR DRIVE"	18	0	143888	890657
M_143891_890967	"OFF CEDAR DRIVE"	0	0	143891	890967
M_143896_890638	"CEDAR DRIVE"	16	0	143896	890638
M_143896_890810	"CEDAR DRIVE"	35	0	143896	890810
M_143898_891551	"RAGGED HILL ROAD"	120	0	143898	891551
M_143903_890925	"OFF CEDAR DRIVE"	0	0	143903	890925
M_143905_890382	"BROOK DRIVE"	57	0	143905	890382
M_143906_890850	"OFF CEDAR DRIVE"	0	0	143906	890850
M_143911_890599	"CEDAR DRIVE"	8	0	143911	890599
M_143915_890458	"BROOK DRIVE"	65	0	143915	890458
M_143916_890500	"LAKE VIEW DRIVE"	63	0	143916	890500
M_143918_892844	"TOWER RD"	24	0	143918	892844
M_143920_890419	"BROOK DRIVE"	63	0	143920	890419
M_143923_889296	"WEST MAIN STREET"	332	0	143923	889296
M_143929_890743	"CEDAR DRIVE"	23	0	143929	890743
M_143934_890885	"OFF CEDAR DRIVE"	0	0	143934	890885
M_143940_889535	"WEST MAIN STREET"	341	0	143940	889535
M_143942_893370	"TOWER RD"	15	0	143942	893370
M_143955_890684	"CEDAR DRIVE"	17	0	143955	890684
M_143956_890557	"CEDAR DRIVE"	3	0	143956	890557
M_143968_890655	"CEDAR DRIVE"	15	0	143968	890655
M_143973_890596	"CEDAR DRIVE"	7	0	143973	890596
M_143989_890634	"CEDAR DRIVE"	11	0	143989	890634
M_143991_892416	"PROUTY ROAD"	55	0	143991	892416
M_143997_888873	"WEST MAIN STREET"	292	0	143997	888873
M_144027_890929	"OFF JOHN GILBERT RD"	0	0	144027	890929
M_144050_891938	"RAGGED HILL ROAD"	139	0	144050	891938
M_144052_891556	"RAGGED HILL ROAD"	124	0	144052	891556
M_144073_889171	"WEST MAIN STREET"	319	0	144073	889171
M_144076_889118	"WEST MAIN STREET"	315	0	144076	889118
M_144092_889086	"WEST MAIN STREET"	313	0	144092	889086
M_144102_891860	"RAGGED HILL ROAD"	131	0	144102	891860
M_144138_891815	"RAGGED HILL ROAD"	125	0	144138	891815
M_144142_891168	"RAGGED HILL ROAD"	104	0	144142	891168
M_144165_891472	"RAGGED HILL ROAD"	118	0	144165	891472
M_144216_891791	"RAGGED HILL ROAD"	117	0	144216	891791
M_144232_888130	"WEST MAIN STREET"	260	0	144232	888130
M_144246_888806	"OLD WARE ROAD"	10	0	144246	888806
M_144255_894007	"TUCKER ROAD"	180	0	144255	894007
M_144262_891470	"RAGGED HILL ROAD"	112	0	144262	891470
M_144278_891701	"RAGGED HILL ROAD"	111	0	144278	891701
M_144280_892089	"PROUTY ROAD"	28	0	144280	892089
M_144290_888964	"CUTLER ROAD"	101	0	144290	888964
M_144322_888829	"OLD WARE ROAD"	9	0	144322	888829
M_144337_888725	"OLD WARE ROAD"	3	0	144337	888725
M_144347_888675	"WEST MAIN STREET"	281	0	144347	888675
M_144370_889739	"CUTLER ROAD"	83	0	144370	889739
M_144373_892751	"WOODS ROAD"	40	0	144373	892751
M_144374_887568	"OLD WARREN ROAD"	53	0	144374	887568
M_144386_889230	"OFF CUTLER RD"	0	0	144386	889230
M_144395_892981	"WOODS ROAD"	39	0	144395	892981
M_144406_892712	"WOODS ROAD"	36	0	144406	892712
M_144407_890536	"JOHN GILBERT RD"	58	0	144407	890536
M_144449_892670	"WOODS ROAD"	30	0	144449	892670
M_144471_893337	"TUCKER ROAD"	134	0	144471	893337
M_144477_887674	"OLD WARREN ROAD"	43	0	144477	887674
M_144480_888022	"OLD WARREN ROAD"	33	0	144480	888022
M_144486_887554	"OLD WARREN ROAD"	47	0	144486	887554
M_144493_892806	"WOODS ROAD"	37	0	144493	892806
M_144495_891071	"JOHN GILBERT RD"	94	0	144495	891071
M_144496_888712	"CUTLER ROAD"	84	0	144496	888712
M_144498_893595	"TUCKER ROAD"	154	0	144498	893595
M_144499_888509	"WEST MAIN STREET"	267	0	144499	888509
M_144517_891611	"RAGGED HILL ROAD"	99	0	144517	891611
M_144522_891343	"RAGGED HILL ROAD"	90	0	144522	891343
M_144524_892606	"WOODS ROAD"	26	0	144524	892606
M_144534_891879	"PROUTY ROAD"	16	0	144534	891879
M_144543_892514	"WOODS ROAD"	20	0	144543	892514
M_144561_892756	"WOODS ROAD"	29	0	144561	892756
M_144578_893129	"TUCKER ROAD"	126	0	144578	893129
M_144587_887611	"OLD WARREN ROAD"	39	0	144587	887611
M_144590_892191	"PROUTY ROAD"	15	0	144590	892191
M_144592_892473	"WOODS ROAD"	16	0	144592	892473
M_144618_892736	"WOODS ROAD"	23	0	144618	892736
M_144631_888256	"WEST MAIN STREET"	250	0	144631	888256
M_144632_888096	"OAK STREET"	11	0	144632	888096
M_144648_888151	"OAK STREET"	7	0	144648	888151
M_144649_892663	"WOODS ROAD"	19	0	144649	892663
M_144655_888349	"WEST MAIN STREET"	253	0	144655	888349
M_144658_888200	"OAK STREET"	5	0	144658	888200
M_144662_890833	"JOHN GILBERT RD"	70	0	144662	890833
M_144666_887420	"OLD WARREN ROAD"	44	0	144666	887420
M_144667_892430	"WOODS ROAD"	10	0	144667	892430
M_144679_888249	"WEST MAIN STREET"	246	0	144679	888249
M_144681_888551	"CUTLER ROAD"	68	0	144681	888551
M_144682_890913	"JOHN GILBERT RD"	74	0	144682	890913
M_144682_892595	"WOODS ROAD"	17	0	144682	892595
M_144685_892980	"TUCKER ROAD"	120	0	144685	892980
M_144705_888147	"OAK STREET"	8	0	144705	888147
M_144712_887992	"LAUREL STREET"	15	0	144712	887992
M_144716_887698	"OLD WARREN ROAD"	29	0	144716	887698
M_144723_891494	"RAGGED HILL ROAD"	81	0	144723	891494
M_144726_888206	"WEST MAIN STREET"	242	0	144726	888206
M_144731_894231	"TUCKER ROAD"	199	0	144731	894231
M_144734_891451	"RAGGED HILL ROAD"	75	0	144734	891451
M_144736_887573	"OLD WARREN ROAD"	32	0	144736	887573
M_144740_890715	"JOHN GILBERT RD"	57	0	144740	890715
M_144743_891735	"TUCKER ROAD"	34	0	144743	891735
M_144749_892838	"TUCKER ROAD"	108	0	144749	892838
M_144750_888147	"LAUREL STREET"	3	0	144750	888147
M_144751_890365	"JOHN GILBERT RD"	42	0	144751	890365
M_144755_892908	"TUCKER ROAD"	112	0	144755	892908
M_144759_892779	"TUCKER ROAD"	98	0	144759	892779
M_144760_892348	"TUCKER ROAD"	72	0	144760	892348
M_144764_888184	"WEST MAIN STREET"	240	0	144764	888184
M_144771_892719	"TUCKER ROAD"	96	0	144771	892719
M_144773_892525	"WOODS ROAD"	9	0	144773	892525
M_144775_888090	"LAUREL STREET"	6	0	144775	888090
M_144778_887736	"OLD WARREN ROAD"	25	0	144778	887736
M_144778_892655	"TUCKER ROAD"	90	0	144778	892655
M_144779_892436	"WOODS ROAD"	6	0	144779	892436
M_144780_892588	"TUCKER ROAD"	86	0	144780	892588
M_144784_887986	"BIRCH STREET"	22	0	144784	887986
M_144784_888240	"WEST MAIN STREET"	239	0	144784	888240
M_144789_891445	"RAGGED HILL ROAD"	73	0	144789	891445
M_144791_888115	"LAUREL STREET"	4	0	144791	888115
M_144792_890568	"JOHN GILBERT RD"	45	0	144792	890568
M_144796_887608	"OLD WARREN ROAD"	28	0	144796	887608
M_144797_888041	"BIRCH STREET"	24	0	144797	888041
M_144800_887944	"BIRCH STREET"	20	0	144800	887944
M_144808_888141	"WEST MAIN STREET"	236	0	144808	888141
M_144810_890498	"JOHN GILBERT RD"	37	0	144810	890498
M_144819_890793	"JOHN GILBERT RD"	69	0	144819	890793
M_144821_887912	"BIRCH STREET"	18	0	144821	887912
M_144822_887751	"OLD WARREN ROAD"	21	0	144822	887751
M_144823_888082	"BIRCH STREET"	28	0	144823	888082
M_144833_887992	"BIRCH STREET"	21	0	144833	887992
M_144836_887877	"BIRCH STREET"	12	0	144836	887877
M_144840_888108	"WEST MAIN STREET"	232	0	144840	888108
M_144842_891396	"RAGGED HILL ROAD"	71	0	144842	891396
M_144845_887828	"BIRCH STREET"	8	0	144845	887828
M_144849_892035	"TUCKER ROAD"	49	0	144849	892035
M_144852_888014	"BIRCH STREET"	25	0	144852	888014
M_144858_887965	"BIRCH STREET"	19	0	144858	887965
M_144859_887795	"BIRCH STREET"	6	0	144859	887795
M_144865_887625	"OLD WARREN ROAD"	22	0	144865	887625
M_144868_888040	"BIRCH STREET"	27	0	144868	888040
M_144869_887754	"BIRCH STREET"	4	0	144869	887754
M_144876_893080	"TUCKER ROAD"	123	0	144876	893080
M_144881_887938	"BIRCH STREET"	17	0	144881	887938
M_144884_887980	"OFF BIRCH STREET"	0	0	144884	887980
M_144884_888065	"WEST MAIN STREET"	228	0	144884	888065
M_144884_890937	"JOHN GILBERT RD"	81	0	144884	890937
M_144894_892940	"TUCKER ROAD"	113	0	144894	892940
M_144896_891167	"JOHN GILBERT RD"	99	0	144896	891167
M_144899_887913	"BIRCH STREET"	15	0	144899	887913
M_144900_892875	"TUCKER ROAD"	109	0	144900	892875
M_144901_891077	"JOHN GILBERT RD"	87	0	144901	891077
M_144903_887674	"OLD WARREN ROAD"	18	0	144903	887674
M_144907_891518	"TUCKER ROAD"	22	0	144907	891518
M_144907_892802	"TUCKER ROAD"	103	0	144907	892802
M_144914_887886	"BIRCH STREET"	11	0	144914	887886
M_144914_890528	"JOHN GILBERT RD"	33	0	144914	890528
M_144915_892565	"TUCKER ROAD"	87	0	144915	892565
M_144917_886832	"OLD BOSTON POST RD"	9	0	144917	886832
M_144919_887857	"BIRCH STREET"	9	0	144919	887857
M_144919_892637	"TUCKER ROAD"	95	0	144919	892637
M_144920_890487	"JOHN GILBERT RD"	31	0	144920	890487
M_144921_887825	"BIRCH STREET"	7	0	144921	887825
M_144923_891375	"RAGGED HILL ROAD"	69	0	144923	891375
M_144923_892449	"TUCKER ROAD"	79	0	144923	892449
M_144924_887782	"BIRCH STREET"	5	0	144924	887782
M_144925_893642	"OFF TUCKER ROAD"	0	0	144925	893642
M_144927_892319	"TUCKER ROAD"	71	0	144927	892319
M_144934_889178	"SNOW ROAD"	30	0	144934	889178
M_144939_887928	"WEST MAIN STREET"	222	0	144939	887928
M_144940_888323	"CUTLER ROAD"	54	0	144940	888323
M_144940_893008	"TUCKER ROAD"	119	0	144940	893008
M_144950_887688	"OLD WARREN ROAD"	16	0	144950	887688
M_144952_887153	"BOSTON POST ROAD"	31	0	144952	887153
M_144952_887528	"LELAND ROAD"	15	0	144952	887528
M_144956_893288	"TUCKER ROAD"	153	0	144956	893288
M_144960_890999	"JOHN GILBERT RD"	85	0	144960	890999
M_144960_891612	"TUCKER ROAD"	31	0	144960	891612
M_144968_887954	"WEST MAIN STREET"	218	0	144968	887954
M_144969_892483	"TUCKER ROAD"	83	0	144969	892483
M_144985_887734	"OLD WARREN ROAD"	12	0	144985	887734
M_144994_890531	"JOHN GILBERT RD"	25	0	144994	890531
M_144997_887918	"WEST MAIN STREET"	216	0	144997	887918
M_144998_888719	"CUTLER ROAD"	55	0	144998	888719
M_145007_891209	"RAGGED HILL ROAD"	56	0	145007	891209
M_145010_887645	"LELAND ROAD"	11	0	145010	887645
M_145014_887842	"OLD WARREN ROAD"	7	0	145014	887842
M_145022_890696	"JOHN GILBERT RD"	35	0	145022	890696
M_145030_887719	"OLD WARREN ROAD"	10	0	145030	887719
M_145033_892676	"TUCKER ROAD"	97	0	145033	892676
M_145036_891139	"RAGGED HILL ROAD"	50	0	145036	891139
M_145047_887982	"WEST MAIN STREET"	215	0	145047	887982
M_145054_887871	"WEST MAIN STREET"	210	0	145054	887871
M_145057_888939	"SNOW ROAD"	49	0	145057	888939
M_145074_889905	"SNOW ROAD"	96	0	145074	889905
M_145076_887485	"LELAND ROAD"	16	0	145076	887485
M_145078_890525	"JOHN GILBERT RD"	21	0	145078	890525
M_145080_891088	"RAGGED HILL ROAD"	46	0	145080	891088
M_145082_888620	"AVALON DRIVE"	16	0	145082	888620
M_145083_887828	"WEST MAIN STREET"	208	0	145083	887828
M_145092_887640	"LELAND ROAD"	10	0	145092	887640
M_145100_892568	"TUCKER ROAD"	101	0	145100	892568
M_145101_887727	"LELAND ROAD"	4	0	145101	887727
M_145103_888668	"AVALON DRIVE"	22	0	145103	888668
M_145103_890396	"JOHN GILBERT RD"	18	0	145103	890396
M_145107_888439	"WEST SHORE ROAD"	3	0	145107	888439
M_145107_893532	"OFF TUCKER ROAD"	0	0	145107	893532
M_145108_887901	"WEST MAIN STREET"	209	0	145108	887901
M_145112_887985	"CUTLER ROAD"	7	0	145112	887985
M_145112_888554	"AVALON DRIVE"	7	0	145112	888554
M_145113_889005	"SNOW ROAD"	55	0	145113	889005
M_145119_888734	"AVALON DRIVE"	32	0	145119	888734
M_145121_889074	"SNOW ROAD"	59	0	145121	889074
M_145122_888765	"AVALON DRIVE"	36	0	145122	888765
M_145125_887566	"OFF WEST MAIN ST"	0	0	145125	887566
M_145125_888780	"AVALON DRIVE"	38	0	145125	888780
M_145126_888480	"WEST SHORE ROAD"	9	0	145126	888480
M_145130_888801	"AVALON DRIVE"	40	0	145130	888801
M_145131_888136	"CUTLER ROAD"	17	0	145131	888136
M_145134_888060	"HADLEY PATH"	50	0	145134	888060
M_145135_888823	"AVALON DRIVE"	44	0	145135	888823
M_145139_888399	"CUTLER ROAD"	33	0	145139	888399
M_145142_890903	"RAGGED HILL ROAD"	30	0	145142	890903
M_145146_888874	"AVALON DRIVE"	54	0	145146	888874
M_145149_888550	"WEST SHORE ROAD"	16	0	145149	888550
M_145150_890512	"JOHN GILBERT RD"	15	0	145150	890512
M_145151_888610	"AVALON DRIVE"	17	0	145151	888610
M_145152_891007	"RAGGED HILL ROAD"	36	0	145152	891007
M_145153_887710	"WEST MAIN STREET"	198	0	145153	887710
M_145153_887866	"HADLEY PATH"	6	0	145153	887866
M_145154_892074	"OFF WICKABOAG VLY RD"	0	0	145154	892074
M_145158_888494	"WEST SHORE ROAD"	11	0	145158	888494
M_145160_888011	"HADLEY PATH"	46	0	145160	888011
M_145163_888453	"ATWATER AVE"	10	0	145163	888453
M_145170_887968	"HADLEY PATH"	40	0	145170	887968
M_145172_888500	"WEST SHORE ROAD"	15	0	145172	888500
M_145172_888566	"WEST SHORE ROAD"	22	0	145172	888566
M_145172_888756	"AVALON DRIVE"	35	0	145172	888756
M_145173_890392	"JOHN GILBERT RD"	14	0	145173	890392
M_145174_890754	"RAGGED HILL ROAD"	20	0	145174	890754
M_145176_888406	"ATWATER AVE"	11	0	145176	888406
M_145176_888771	"AVALON DRIVE"	37	0	145176	888771
M_145177_888314	"CUTLER ROAD"	29	0	145177	888314
M_145179_890171	"JOHN GILBERT RD"	10	0	145179	890171
M_145180_888786	"AVALON DRIVE"	39	0	145180	888786
M_145181_888686	"AVALON DRIVE"	29	0	145181	888686
M_145183_888801	"AVALON DRIVE"	41	0	145183	888801
M_145184_888643	"BURWELL TERRACE"	12	0	145184	888643
M_145185_889540	"SNOW ROAD"	90	0	145185	889540
M_145186_888459	"ATWATER AVE"	16	0	145186	888459
M_145186_891558	"WICKABOAG VLY RD"	300	0	145186	891558
M_145190_887944	"HADLEY PATH"	36	0	145190	887944
M_145191_888408	"ATWATER AVE"	15	0	145191	888408
M_145193_888513	"WEST SHORE ROAD"	19	0	145193	888513
M_145194_889033	"SNOW ROAD"	65	0	145194	889033
M_145197_890508	"JOHN GILBERT RD"	11	0	145197	890508
M_145198_887621	"WEST MAIN STREET"	192	0	145198	887621
M_145199_887868	"HADLEY PATH"	12	0	145199	887868
M_145202_888717	"BURWELL TERRACE"	24	0	145202	888717
M_145206_888410	"ATWATER AVE"	17	0	145206	888410
M_145206_888463	"ATWATER AVE"	20	0	145206	888463
M_145207_887918	"HADLEY PATH"	32	0	145207	887918
M_145208_892421	"OFF WICKABOAG VLY RD"	0	0	145208	892421
M_145209_888196	"HADLEY PATH"	65	0	145209	888196
M_145214_888770	"BURWELL TERRACE"	30	0	145214	888770
M_145215_888839	"AVALON DRIVE"	51	0	145215	888839
M_145218_888589	"BURWELL TERRACE"	3	0	145218	888589
M_145220_888611	"BURWELL TERRACE"	7	0	145220	888611
M_145221_888412	"ATWATER AVE"	19	0	145221	888412
M_145223_888134	"HADLEY PATH"	55	0	145223	888134
M_145223_890781	"RAGGED HILL ROAD"	22	0	145223	890781
M_145224_887885	"HADLEY PATH"	16	0	145224	887885
M_145224_888468	"ATWATER AVE"	22	0	145224	888468
M_145225_888059	"HADLEY PATH"	45	0	145225	888059
M_145227_887786	"HADLEY PATH"	5	0	145227	887786
M_145228_889355	"SNOW ROAD"	77	0	145228	889355
M_145230_889202	"SNOW ROAD"	69	0	145230	889202
M_145234_888623	"BURWELL TERRACE"	9	0	145234	888623
M_145236_888601	"WEST SHORE ROAD"	30	0	145236	888601
M_145236_888650	"BURWELL TERRACE"	15	0	145236	888650
M_145236_888860	"BURWELL TERRACE"	42	0	145236	888860
M_145237_888415	"ATWATER AVE"	21	0	145237	888415
M_145237_888482	"ATWATER AVE"	28	0	145237	888482
M_145239_887831	"HADLEY PATH"	11	0	145239	887831
M_145239_888553	"WEST SHORE ROAD"	27	0	145239	888553
M_145241_888505	"ATWATER AVE"	30	0	145241	888505
M_145241_888669	"BURWELL TERRACE"	17	0	145241	888669
M_145242_887494	"WEST MAIN STREET"	184	0	145242	887494
M_145243_888324	"RIDGEWOOD CIRCLE"	30	0	145243	888324
M_145245_888684	"BURWELL TERRACE"	19	0	145245	888684
M_145246_888244	"RIDGEWOOD CIRCLE"	20	0	145246	888244
M_145246_888281	"RIDGEWOOD CIRCLE"	26	0	145246	888281
M_145247_888899	"AVALON DRIVE"	61	0	145247	888899
M_145247_890675	"RAGGED HILL ROAD"	16	0	145247	890675
M_145248_888020	"HADLEY PATH"	37	0	145248	888020
M_145248_888699	"BURWELL TERRACE"	21	0	145248	888699
M_145251_888718	"BURWELL TERRACE"	23	0	145251	888718
M_145252_887904	"HADLEY PATH"	20	0	145252	887904
M_145255_888524	"ATWATER AVE"	32	0	145255	888524
M_145256_888623	"WEST SHORE ROAD"	34	0	145256	888623
M_145256_889391	"SNOW ROAD"	81	0	145256	889391
M_145257_889296	"SNOW ROAD"	75	0	145257	889296
M_145257_890498	"JOHN GILBERT RD"	9	0	145257	890498
M_145258_888373	"RIDGEWOOD CIRCLE"	34	0	145258	888373
M_145258_888941	"AVALON DRIVE"	64	0	145258	888941
M_145264_888633	"WEST SHORE ROAD"	38	0	145264	888633
M_145267_888418	"ATWATER PLACE"	3	0	145267	888418
M_145268_890378	"JOHN GILBERT RD"	8	0	145268	890378
M_145271_888795	"BURWELL TERRACE"	35	0	145271	888795
M_145272_888645	"WEST SHORE ROAD"	40	0	145272	888645
M_145273_888541	"ATWATER AVE"	34	0	145273	888541
M_145274_888810	"BURWELL TERRACE"	37	0	145274	888810
M_145275_888660	"WEST SHORE ROAD"	42	0	145275	888660
M_145276_887839	"HADLEY PATH"	17	0	145276	887839
M_145276_887980	"HADLEY PATH"	31	0	145276	887980
M_145278_888825	"BURWELL TERRACE"	39	0	145278	888825
M_145280_887759	"LAKE SHORE DRIVE"	6	0	145280	887759
M_145280_888679	"WEST SHORE ROAD"	44	0	145280	888679
M_145281_887159	"BOSTON POST ROAD"	32	0	145281	887159
M_145282_888840	"BURWELL TERRACE"	41	0	145282	888840
M_145283_888693	"WEST SHORE ROAD"	46	0	145283	888693
M_145283_889507	"SNOW ROAD"	89	0	145283	889507
M_145285_888056	"CLEARVIEW DRIVE"	54	0	145285	888056
M_145285_888588	"WEST SHORE ROAD"	33	0	145285	888588
M_145285_888855	"BURWELL TERRACE"	43	0	145285	888855
M_145286_888760	"BURWELL TERRACE"	29	0	145286	888760
M_145287_886394	"OFF BOSTON RD"	0	0	145287	886394
M_145289_888871	"BURWELL TERRACE"	45	0	145289	888871
M_145293_888887	"BURWELL TERRACE"	47	0	145293	888887
M_145294_888722	"BURWELL TERRACE"	27	0	145294	888722
M_145298_888598	"WEST SHORE ROAD"	35	0	145298	888598
M_145299_888482	"ATWATER AVE"	25	0	145299	888482
M_145300_888554	"ATWATER AVE"	38	0	145300	888554
M_145300_888922	"AVALON DRIVE"	70	0	145300	888922
M_145300_890315	"OFF WICKABOAG VLY RD"	0	0	145300	890315
M_145300_893570	"OFF TUCKER ROAD"	0	0	145300	893570
M_145302_887854	"HADLEY PATH"	21	0	145302	887854
M_145302_888139	"RIDGEWOOD CIRCLE"	5	0	145302	888139
M_145303_887941	"CLEARVIEW DRIVE"	6	0	145303	887941
M_145303_888618	"WEST SHORE ROAD"	37	0	145303	888618
M_145305_888419	"ATWATER PLACE"	9	0	145305	888419
M_145305_889097	"NIPMUCK ROAD"	9	0	145305	889097
M_145307_890586	"RAGGED HILL ROAD"	8	0	145307	890586
M_145312_888807	"WEST SHORE ROAD"	62	0	145312	888807
M_145314_893053	"WICKABOAG VLY RD"	398	0	145314	893053
M_145315_888822	"WEST SHORE ROAD"	64	0	145315	888822
M_145317_888834	"WEST SHORE ROAD"	66	0	145317	888834
M_145318_887732	"LAKE SHORE DRIVE"	10	0	145318	887732
M_145319_888845	"WEST SHORE ROAD"	68	0	145319	888845
M_145320_888194	"RIDGEWOOD CIRCLE"	15	0	145320	888194
M_145320_888316	"RIDGEWOOD CIRCLE"	45	0	145320	888316
M_145322_888069	"CLEARVIEW DRIVE"	48	0	145322	888069
M_145322_891083	"WICKABOAG VLY RD"	254	0	145322	891083
M_145323_888655	"WEST SHORE ROAD"	43	0	145323	888655
M_145324_888868	"WEST SHORE ROAD"	72	0	145324	888868
M_145325_888610	"URBAN PLACE"	5	0	145325	888610
M_145326_889605	"SNOW ROAD"	97	0	145326	889605
M_145327_887988	"CLEARVIEW DRIVE"	12	0	145327	887988
M_145327_888263	"RIDGEWOOD CIRCLE"	19	0	145327	888263
M_145328_888962	"WEST SHORE ROAD"	86	0	145328	888962
M_145330_888473	"ATWATER PLACE"	22	0	145330	888473
M_145331_888559	"ATWATER AVE"	42	0	145331	888559
M_145331_888907	"WEST SHORE ROAD"	76	0	145331	888907
M_145333_888386	"RIDGEWOOD CIRCLE"	38	0	145333	888386
M_145334_889708	"SNOW ROAD"	102	0	145334	889708
M_145338_888716	"WEST SHORE ROAD"	51	0	145338	888716
M_145339_893185	"WICKABOAG VLY RD"	402	0	145339	893185
M_145340_887879	"CLEARVIEW DRIVE"	5	0	145340	887879
M_145340_888421	"ATWATER PLACE"	11	0	145340	888421
M_145340_890345	"MILL STONE ROAD"	6	0	145340	890345
M_145341_890247	"WICKABOAG VLY RD"	198	0	145341	890247
M_145343_887602	"LAKE SHORE DRIVE"	15	0	145343	887602
M_145345_888743	"WEST SHORE ROAD"	53	0	145345	888743
M_145345_890470	"MILL STONE ROAD"	12	0	145345	890470
M_145347_888677	"LAKE SHORE DR EXT"	40	0	145347	888677
M_145353_890858	"WICKABOAG VLY RD"	234	0	145353	890858
M_145355_888780	"WEST SHORE ROAD"	59	0	145355	888780
M_145358_888596	"LAKE SHORE DR EXT"	30	0	145358	888596
M_145359_888642	"LAKE SHORE DR EXT"	36	0	145359	888642
M_145361_893345	"WICKABOAG VLY RD"	416	0	145361	893345
M_145363_888475	"ATWATER PLACE"	19	0	145363	888475
M_145364_888507	"ATWATER AVE"	41	0	145364	888507
M_145364_888829	"WEST SHORE ROAD"	65	0	145364	888829
M_145365_888437	"ATWATER PLACE"	17	0	145365	888437
M_145366_892709	"WICKABOAG VLY RD"	374	0	145366	892709
M_145369_888859	"WEST SHORE ROAD"	69	0	145369	888859
M_145369_890625	"RAGGED HILL ROAD"	9	0	145369	890625
M_145371_890181	"WICKABOAG VLY RD"	196	0	145371	890181
M_145372_888022	"CLEARVIEW DRIVE"	20	0	145372	888022
M_145372_888705	"LAKE SHORE DR EXT"	44	0	145372	888705
M_145373_888082	"CLEARVIEW DRIVE"	40	0	145373	888082
M_145375_888559	"ATWATER AVE"	46	0	145375	888559
M_145375_888886	"WEST SHORE ROAD"	73	0	145375	888886
M_145375_889417	"HILL BROOK DRIVE"	19	0	145375	889417
M_145377_887904	"CLEARVIEW DRIVE"	11	0	145377	887904
M_145377_889069	"NIPMUCK ROAD"	15	0	145377	889069
M_145378_888734	"LAKE SHORE DR EXT"	48	0	145378	888734
M_145378_892388	"WICKABOAG VLY RD"	348	0	145378	892388
M_145379_887716	"LAKE SHORE DRIVE"	14	0	145379	887716
M_145379_888361	"RIDGEWOOD CIRCLE"	44	0	145379	888361
M_145379_888932	"AVALON PLACE"	4	0	145379	888932
M_145380_890684	"RAGGED HILL ROAD"	15	0	145380	890684
M_145384_888763	"LAKE SHORE DR EXT"	52	0	145384	888763
M_145384_888960	"WEST SHORE ROAD"	83	0	145384	888960
M_145384_889642	"SNOW ROAD"	103	0	145384	889642
M_145385_889256	"NIPMUCK ROAD"	27	0	145385	889256
M_145388_888785	"LAKE SHORE DR EXT"	56	0	145388	888785
M_145391_888800	"LAKE SHORE DR EXT"	58	0	145391	888800
M_145392_889306	"HILL BROOK DRIVE"	15	0	145392	889306
M_145393_888816	"LAKE SHORE DR EXT"	60	0	145393	888816
M_145394_889765	"SNOW ROAD"	108	0	145394	889765
M_145396_888443	"ROCKLAND ROAD"	50	0	145396	888443
M_145396_888831	"LAKE SHORE DR EXT"	62	0	145396	888831
M_145397_888310	"RIDGEWOOD CIRCLE"	48	0	145397	888310
M_145397_890560	"RAGGED HILL ROAD"	5	0	145397	890560
M_145398_889964	"SNOW ROAD"	122	0	145398	889964
M_145399_888425	"ROCKLAND ROAD"	48	0	145399	888425
M_145399_888854	"LAKE SHORE DR EXT"	64	0	145399	888854
M_145402_887822	"OFF LAKE SHORE DRIVE"	0	0	145402	887822
M_145402_890607	"WICKABOAG VLY RD"	222	0	145402	890607
M_145404_888883	"LAKE SHORE DR EXT"	68	0	145404	888883
M_145405_888541	"LAKE SHORE DR EXT"	24	0	145405	888541
M_145406_888153	"CLEARVIEW DRIVE"	41	0	145406	888153
M_145407_888212	"RIDGEWOOD CIRCLE"	58	0	145407	888212
M_145407_889221	"NIPMUCK ROAD"	25	0	145407	889221
M_145408_888647	"LAKE SHORE DR EXT"	37	0	145408	888647
M_145408_888917	"LAKE SHORE DR EXT"	72	0	145408	888917
M_145409_888629	"LAKE SHORE DR EXT"	33	0	145409	888629
M_145409_889841	"SNOW ROAD"	110	0	145409	889841
M_145410_890097	"WICKABOAG VLY RD"	190	0	145410	890097
M_145411_888667	"LAKE SHORE DR EXT"	39	0	145411	888667
M_145411_888932	"LAKE SHORE DR EXT"	74	0	145411	888932
M_145412_887938	"CLEARVIEW DRIVE"	17	0	145412	887938
M_145412_888269	"RIDGEWOOD CIRCLE"	54	0	145412	888269
M_145414_888612	"LAKE SHORE DR EXT"	31	0	145414	888612
M_145414_889001	"LAKE SHORE DR EXT"	84	0	145414	889001
M_145414_892886	"WICKABOAG VLY RD"	386	0	145414	892886
M_145415_889190	"NIPMUCK ROAD"	23	0	145415	889190
M_145418_888526	"LAKE SHORE DR EXT"	20	0	145418	888526
M_145418_888690	"LAKE SHORE DR EXT"	43	0	145418	888690
M_145418_888959	"LAKE SHORE DR EXT"	78	0	145418	888959
M_145420_891806	"OFF WICKABOAG VLY RD"	0	0	145420	891806
M_145421_888596	"LAKE SHORE DR EXT"	27	0	145421	888596
M_145423_889158	"NIPMUCK ROAD"	21	0	145423	889158
M_145424_888711	"LAKE SHORE DR EXT"	45	0	145424	888711
M_145427_888725	"LAKE SHORE DR EXT"	47	0	145427	888725
M_145429_889132	"NIPMUCK ROAD"	19	0	145429	889132
M_145429_889679	"SNOW ROAD"	107	0	145429	889679
M_145431_888343	"HILLSIDE DRIVE"	36	0	145431	888343
M_145431_888582	"LAKE SHORE DR EXT"	25	0	145431	888582
M_145432_887628	"LAKE SHORE DRIVE"	42	0	145432	887628
M_145434_888760	"LAKE SHORE DR EXT"	51	0	145434	888760
M_145434_889544	"CHECKERED LANE"	13	0	145434	889544
M_145435_888475	"ROCKLAND ROAD"	55	0	145435	888475
M_145435_892596	"WICKABOAG VLY RD"	358	0	145435	892596
M_145437_887336	"WESTWOOD TERRACE"	21	0	145437	887336
M_145437_888442	"ROCKLAND ROAD"	49	0	145437	888442
M_145440_888427	"ROCKLAND ROAD"	47	0	145440	888427
M_145440_890851	"WICKABOAG VLY RD"	238	0	145440	890851
M_145442_888805	"LAKE SHORE DR EXT"	57	0	145442	888805
M_145444_889069	"LAKE SHORE DR EXT"	90	0	145444	889069
M_145445_888838	"LAKE SHORE DR EXT"	63	0	145445	888838
M_145446_888865	"LAKE SHORE DR EXT"	65	0	145446	888865
M_145448_888889	"LAKE SHORE DR EXT"	69	0	145448	888889
M_145449_888562	"LAKE SHORE DR EXT"	23	0	145449	888562
M_145451_893226	"WICKABOAG VLY RD"	406	0	145451	893226
M_145452_886843	"BOSTON POST ROAD"	50	0	145452	886843
M_145452_888912	"LAKE SHORE DR EXT"	71	0	145452	888912
M_145454_885882	"OFF OLD PATRICK RD"	0	0	145454	885882
M_145454_887691	"LAKE SHORE DRIVE"	50	0	145454	887691
M_145454_889611	"CHECKERED LANE"	9	0	145454	889611
M_145457_887714	"LAKE SHORE DRIVE"	54	0	145457	887714
M_145457_888012	"CLEARVIEW DRIVE"	23	0	145457	888012
M_145457_889433	"CHECKERED LANE"	19	0	145457	889433
M_145459_888096	"CLEARVIEW DRIVE"	33	0	145459	888096
M_145461_888959	"LAKE SHORE DR EXT"	79	0	145461	888959
M_145462_887729	"LAKE SHORE DRIVE"	56	0	145462	887729
M_145462_888406	"BEACH DRIVE"	30	0	145462	888406
M_145463_888265	"HILLSIDE DRIVE"	26	0	145463	888265
M_145463_888540	"LAKE SHORE DR EXT"	21	0	145463	888540
M_145464_887558	"LAKE SHORE DRIVE"	33	0	145464	887558
M_145466_888376	"BEACH DRIVE"	28	0	145466	888376
M_145467_887580	"LAKE SHORE DRIVE"	37	0	145467	887580
M_145467_887743	"LAKE SHORE DRIVE"	58	0	145467	887743
M_145468_887947	"LAKE SHORE DRIVE"	88	0	145468	887947
M_145469_887783	"LAKE SHORE DRIVE"	62	0	145469	887783
M_145471_887518	"LAKE SHORE DRIVE"	31	0	145471	887518
M_145471_888243	"HILLSIDE DRIVE"	24	0	145471	888243
M_145472_887757	"LAKE SHORE DRIVE"	60	0	145472	887757
M_145473_888453	"LAKE SHORE DR EXT"	3	0	145473	888453
M_145473_888469	"LAKE SHORE DR EXT"	5	0	145473	888469
M_145473_888995	"LAKE SHORE DR EXT"	83	0	145473	888995
M_145473_889467	"CHECKERED LANE"	17	0	145473	889467
M_145473_890333	"WICKABOAG VLY RD"	205	0	145473	890333
M_145474_887286	"WESTWOOD TERRACE"	20	0	145474	887286
M_145474_888434	"LAKE SHORE DR EXT"	1	0	145474	888434
M_145474_888520	"LAKE SHORE DR EXT"	17	0	145474	888520
M_145475_888351	"BEACH DRIVE"	26	0	145475	888351
M_145475_888485	"LAKE SHORE DR EXT"	11	0	145475	888485
M_145477_888502	"LAKE SHORE DR EXT"	15	0	145477	888502
M_145478_889007	"LAKE SHORE DR EXT"	85	0	145478	889007
M_145478_890058	"WICKABOAG VLY RD"	186	0	145478	890058
M_145480_887604	"LAKE SHORE DRIVE"	39	0	145480	887604
M_145480_887804	"LAKE SHORE DRIVE"	66	0	145480	887804
M_145482_887877	"LAKE SHORE DRIVE"	82	0	145482	887877
M_145482_889018	"LAKE SHORE DR EXT"	87	0	145482	889018
M_145482_889029	"LAKE SHORE DR EXT"	89	0	145482	889029
M_145485_888208	"HILLSIDE DRIVE"	18	0	145485	888208
M_145485_890628	"SHEA ROAD"	10	0	145485	890628
M_145486_888334	"BEACH DRIVE"	24	0	145486	888334
M_145487_889041	"LAKE SHORE DR EXT"	91	0	145487	889041
M_145488_887243	"WESTWOOD TERRACE"	24	0	145488	887243
M_145490_887624	"LAKE SHORE DRIVE"	43	0	145490	887624
M_145494_888321	"BEACH DRIVE"	22	0	145494	888321
M_145494_892131	"OFF WICKABOAG VLY RD"	0	0	145494	892131
M_145495_887702	"LAKE SHORE DRIVE"	53	0	145495	887702
M_145495_887715	"LAKE SHORE DRIVE"	55	0	145495	887715
M_145495_887731	"LAKE SHORE DRIVE"	57	0	145495	887731
M_145495_888385	"BEACH DRIVE"	29	0	145495	888385
M_145496_887638	"LAKE SHORE DRIVE"	45	0	145496	887638
M_145497_888180	"HILLSIDE DRIVE"	14	0	145497	888180
M_145498_887823	"LAKE SHORE DRIVE"	68	0	145498	887823
M_145498_888077	"OFF LAKE SHORE DRIVE"	0	0	145498	888077
M_145500_887748	"LAKE SHORE DRIVE"	59	0	145500	887748
M_145500_887973	"LAKE SHORE DRIVE"	90	0	145500	887973
M_145501_888367	"BEACH DRIVE"	25	0	145501	888367
M_145502_888308	"BEACH DRIVE"	20	0	145502	888308
M_145503_887346	"WESTWOOD TERRACE"	15	0	145503	887346
M_145503_888166	"HILLSIDE DRIVE"	12	0	145503	888166
M_145503_890239	"WICKABOAG VLY RD"	195	0	145503	890239
M_145504_887666	"LAKE SHORE DRIVE"	49	0	145504	887666
M_145504_887987	"LAKE SHORE DRIVE"	92	0	145504	887987
M_145505_889719	"SNOW ROAD"	113	0	145505	889719
M_145505_889860	"SNOW ROAD"	114	0	145505	889860
M_145506_888043	"LAKE SHORE DRIVE"	98	0	145506	888043
M_145507_887768	"LAKE SHORE DRIVE"	61	0	145507	887768
M_145507_890463	"WICKABOAG VLY RD"	209	0	145507	890463
M_145508_888152	"HILLSIDE DRIVE"	10	0	145508	888152
M_145510_887455	"WEST MAIN STREET"	169	0	145510	887455
M_145511_888009	"LAKE SHORE DRIVE"	96	0	145511	888009
M_145513_888288	"BEACH DRIVE"	18	0	145513	888288
M_145513_889431	"CHECKERED LANE"	21	0	145513	889431
M_145513_891377	"WICKABOAG VLY RD"	271	0	145513	891377
M_145514_888262	"BEACH DRIVE"	12	0	145514	888262
M_145514_888351	"BEACH DRIVE"	23	0	145514	888351
M_145515_888236	"BEACH DRIVE"	8	0	145515	888236
M_145517_889536	"CHECKERED LANE"	16	0	145517	889536
M_145518_887784	"LAKE SHORE DRIVE"	65	0	145518	887784
M_145519_888125	"HILLSIDE DRIVE"	6	0	145519	888125
M_145524_888340	"BEACH DRIVE"	21	0	145524	888340
M_145528_888061	"LAKE SHORE DRIVE"	102	0	145528	888061
M_145528_889397	"HILL BROOK DRIVE"	21	0	145528	889397
M_145528_890140	"WICKABOAG VLY RD"	187	0	145528	890140
M_145532_887799	"LAKE SHORE DRIVE"	67	0	145532	887799
M_145533_888095	"LAKE SHORE DRIVE"	108	0	145533	888095
M_145534_888328	"BEACH DRIVE"	19	0	145534	888328
M_145536_888077	"LAKE SHORE DRIVE"	104	0	145536	888077
M_145541_888158	"HILLSIDE DRIVE"	9	0	145541	888158
M_145542_888197	"HILLSIDE DRIVE"	11	0	145542	888197
M_145542_889451	"CHECKERED LANE"	22	0	145542	889451
M_145543_889459	"CHECKERED LANE"	20	0	145543	889459
M_145543_890785	"SHEA ROAD"	20	0	145543	890785
M_145546_887340	"WESTWOOD TERRACE"	9	0	145546	887340
M_145546_887813	"LAKE SHORE DRIVE"	69	0	145546	887813
M_145547_887230	"WESTWOOD DRIVE"	22	0	145547	887230
M_145547_887280	"WESTWOOD TERRACE"	10	0	145547	887280
M_145550_887828	"LAKE SHORE DRIVE"	71	0	145550	887828
M_145550_887940	"LAKE SHORE DRIVE"	87	0	145550	887940
M_145550_888249	"BEACH DRIVE"	7	0	145550	888249
M_145550_888308	"BEACH DRIVE"	17	0	145550	888308
M_145551_887916	"LAKE SHORE DRIVE"	81	0	145551	887916
M_145554_887842	"LAKE SHORE DRIVE"	73	0	145554	887842
M_145554_887955	"LAKE SHORE DRIVE"	89	0	145554	887955
M_145555_888286	"BEACH DRIVE"	11	0	145555	888286
M_145558_887970	"LAKE SHORE DRIVE"	91	0	145558	887970
M_145559_887856	"LAKE SHORE DRIVE"	75	0	145559	887856
M_145560_887888	"LAKE SHORE DRIVE"	79	0	145560	887888
M_145564_887870	"LAKE SHORE DRIVE"	77	0	145564	887870
M_145565_887984	"LAKE SHORE DRIVE"	93	0	145565	887984
M_145572_888046	"LAKE SHORE DRIVE"	101	0	145572	888046
M_145573_887997	"LAKE SHORE DRIVE"	95	0	145573	887997
M_145573_888224	"LAKE SHORE DRIVE"	134	0	145573	888224
M_145573_888256	"LAKE SHORE DRIVE"	138	0	145573	888256
M_145575_887334	"WESTWOOD TERRACE"	5	0	145575	887334
M_145578_888137	"LAKE SHORE DRIVE"	112	0	145578	888137
M_145579_888010	"LAKE SHORE DRIVE"	97	0	145579	888010
M_145583_888202	"LAKE SHORE DRIVE"	130	0	145583	888202
M_145587_889915	"SNOW ROAD"	124	0	145587	889915
M_145595_888054	"LAKE SHORE DRIVE"	103	0	145595	888054
M_145596_888151	"LAKE SHORE DRIVE"	116	0	145596	888151
M_145600_893126	"WICKABOAG VLY RD"	405	0	145600	893126
M_145601_892450	"WICKABOAG VLY RD"	343	0	145601	892450
M_145603_887325	"WESTWOOD TERRACE"	3	0	145603	887325
M_145606_888026	"LAKE SHORE DRIVE"	99	0	145606	888026
M_145606_888191	"LAKE SHORE DRIVE"	126	0	145606	888191
M_145607_888066	"LAKE SHORE DRIVE"	105	0	145607	888066
M_145610_888159	"LAKE SHORE DRIVE"	118	0	145610	888159
M_145618_888255	"LAKE SHORE DRIVE"	133	0	145618	888255
M_145619_888274	"LAKE SHORE DRIVE"	137	0	145619	888274
M_145626_888124	"LAKE SHORE DRIVE"	115	0	145626	888124
M_145626_888242	"LAKE SHORE DRIVE"	131	0	145626	888242
M_145636_888230	"LAKE SHORE DRIVE"	129	0	145636	888230
M_145637_888071	"LAKE SHORE DRIVE"	107	0	145637	888071
M_145637_890431	"SHEA ROAD"	25	0	145637	890431
M_145646_888084	"LAKE SHORE DRIVE"	109	0	145646	888084
M_145646_888218	"LAKE SHORE DRIVE"	127	0	145646	888218
M_145654_888098	"LAKE SHORE DRIVE"	113	0	145654	888098
M_145655_888115	"NASHAWAY LANE"	3	0	145655	888115
M_145656_888207	"LAKE SHORE DRIVE"	125	0	145656	888207
M_145660_890154	"WICKABOAG VLY RD"	179	0	145660	890154
M_145663_888193	"LAKE SHORE DRIVE"	123	0	145663	888193
M_145675_887186	"WEST MAIN STREET"	154	0	145675	887186
M_145676_888176	"LAKE SHORE DRIVE"	121	0	145676	888176
M_145680_888125	"LAKE SHORE DRIVE"	119	0	145680	888125
M_145683_888104	"NASHAWAY LANE"	7	0	145683	888104
M_145690_889903	"WICKABOAG VLY RD"	165	0	145690	889903
M_145696_888151	"LAKE SHORE DRIVE"	0	0	145696	888151
M_145703_893121	"WICKABOAG VLY RD"	417	0	145703	893121
M_145704_888097	"NASHAWAY LANE"	11	0	145704	888097
M_145715_887255	"WEST MAIN STREET"	152	0	145715	887255
M_145723_887391	"WARE POINT ROAD"	20	0	145723	887391
M_145724_890635	"SHEA ROAD"	40	0	145724	890635
M_145726_889748	"WICKABOAG VLY RD"	166	0	145726	889748
M_145753_890472	"SHEA ROAD"	51	0	145753	890472
M_145754_890684	"SHEA ROAD"	56	0	145754	890684
M_145758_885388	"BRIDGES ROAD"	1	0	145758	885388
M_145758_887235	"WEST MAIN STREET"	150	0	145758	887235
M_145759_892474	"WICKABOAG VLY RD"	331	0	145759	892474
M_145760_889641	"WICKABOAG VLY RD"	152	0	145760	889641
M_145763_893375	"WICKABOAG VLY RD"	426	0	145763	893375
M_145764_892253	"TYLER ROAD"	10	0	145764	892253
M_145781_892773	"WICKABOAG VLY RD"	379	0	145781	892773
M_145790_892132	"TYLER ROAD"	9	0	145790	892132
M_145795_887499	"WARE POINT ROAD"	28	0	145795	887499
M_145804_889581	"WICKABOAG VLY RD"	146	0	145804	889581
M_145808_887541	"WARE POINT ROAD"	34	0	145808	887541
M_145813_887305	"WEST MAIN STREET"	147	0	145813	887305
M_145813_893148	"WICKABOAG VLY RD"	421	0	145813	893148
M_145819_887572	"WARE POINT ROAD"	38	0	145819	887572
M_145823_887367	"WARE POINT ROAD"	11	0	145823	887367
M_145826_887612	"WARE POINT ROAD"	40	0	145826	887612
M_145833_890523	"SHEA ROAD"	59	0	145833	890523
M_145834_884687	"DAVIS RD"	65	0	145834	884687
M_145834_887431	"WARE POINT ROAD"	19	0	145834	887431
M_145841_884760	"DAVIS RD"	79	0	145841	884760
M_145844_884822	"DAVIS RD"	73	0	145844	884822
M_145858_887506	"WARE POINT ROAD"	31	0	145858	887506
M_145859_887286	"WEST MAIN STREET"	143	0	145859	887286
M_145860_887603	"WARE POINT ROAD"	42	0	145860	887603
M_145865_888972	"PINE TRAIL"	19	0	145865	888972
M_145867_887557	"WARE POINT ROAD"	41	0	145867	887557
M_145869_890404	"SHEA ROAD"	67	0	145869	890404
M_145872_888941	"HIGHLAND TRAIL"	3	0	145872	888941
M_145875_891129	"MADDEN ROAD"	46	0	145875	891129
M_145881_884883	"DAVIS RD"	69	0	145881	884883
M_145881_890640	"MADDEN ROAD"	3	0	145881	890640
M_145885_888978	"PINE TRAIL"	17	0	145885	888978
M_145885_889996	"OFF WICKABOAG VLY RD"	0	0	145885	889996
M_145888_887600	"WARE POINT ROAD"	44	0	145888	887600
M_145889_885068	"DAVIS RD"	57	0	145889	885068
M_145889_888920	"HIGHLAND TRAIL"	5	0	145889	888920
M_145894_887444	"WARE POINT ROAD"	57	0	145894	887444
M_145897_889531	"WICKABOAG VLY RD"	142	0	145897	889531
M_145899_886321	"WARFIELD RD"	19	0	145899	886321
M_145902_888899	"HIGHLAND TRAIL"	9	0	145902	888899
M_145905_887169	"WEST MAIN STREET"	138	0	145905	887169
M_145906_888986	"PINE TRAIL"	15	0	145906	888986
M_145907_890741	"MADDEN ROAD"	9	0	145907	890741
M_145913_887584	"WARE POINT ROAD"	48	0	145913	887584
M_145913_888873	"HIGHLAND TRAIL"	11	0	145913	888873
M_145914_885877	"FOSTER ROAD"	4	0	145914	885877
M_145914_888953	"HIGHLAND TRAIL"	4	0	145914	888953
M_145914_891867	"WICKABOAG VLY RD"	289	0	145914	891867
M_145915_884962	"DAVIS RD"	63	0	145915	884962
M_145921_889714	"WICKABOAG VLY RD"	151	0	145921	889714
M_145923_888846	"HIGHLAND TRAIL"	17	0	145923	888846
M_145923_888942	"HIGHLAND TRAIL"	6	0	145923	888942
M_145925_887525	"WARE POINT ROAD"	54	0	145925	887525
M_145927_887544	"WARE POINT ROAD"	52	0	145927	887544
M_145927_888994	"PINE TRAIL"	11	0	145927	888994
M_145928_888818	"HIGHLAND TRAIL"	21	0	145928	888818
M_145931_887256	"WEST MAIN STREET"	137	0	145931	887256
M_145931_888930	"HIGHLAND TRAIL"	8	0	145931	888930
M_145934_887349	"WEST MAIN STREET"	139	0	145934	887349
M_145934_887566	"WARE POINT ROAD"	50	0	145934	887566
M_145937_888798	"HIGHLAND TRAIL"	23	0	145937	888798
M_145941_887477	"WARE POINT ROAD"	58	0	145941	887477
M_145941_890825	"MADDEN ROAD"	15	0	145941	890825
M_145943_888962	"PINE TRAIL"	12	0	145943	888962
M_145943_889001	"PINE TRAIL"	9	0	145943	889001
M_145943_890676	"SHEA ROAD"	76	0	145943	890676
M_145944_888902	"HIGHLAND TRAIL"	12	0	145944	888902
M_145946_889645	"WICKABOAG VLY RD"	147	0	145946	889645
M_145947_888777	"HIGHLAND TRAIL"	25	0	145947	888777
M_145963_888860	"HIGHLAND TRAIL"	18	0	145963	888860
M_145965_888751	"HIGHLAND TRAIL"	29	0	145965	888751
M_145965_888922	"OAK DRIVE"	48	0	145965	888922
M_145966_890889	"MADDEN ROAD"	21	0	145966	890889
M_145966_893146	"WICKABOAG VLY RD"	427	0	145966	893146
M_145968_887241	"WEST MAIN STREET"	133	0	145968	887241
M_145968_888878	"OAK DRIVE"	42	0	145968	888878
M_145975_888832	"HIGHLAND TRAIL"	22	0	145975	888832
M_145980_889013	"WOODSIDE ROAD"	15	0	145980	889013
M_145981_889598	"WICKABOAG VLY RD"	141	0	145981	889598
M_145987_887159	"WEST MAIN STREET"	128	0	145987	887159
M_145988_890947	"MADDEN ROAD"	25	0	145988	890947
M_145991_888719	"HIGHLAND TRAIL"	35	0	145991	888719
M_145993_888792	"HIGHLAND TRAIL"	28	0	145993	888792
M_146002_888964	"OAK DRIVE"	53	0	146002	888964
M_146006_890748	"SHEA ROAD"	88	0	146006	890748
M_146008_888771	"HIGHLAND TRAIL"	32	0	146008	888771
M_146011_887400	"BIRCH COVE"	24	0	146011	887400
M_146012_890998	"MADDEN ROAD"	29	0	146012	890998
M_146013_888695	"CAMPFIRE PLACE"	9	0	146013	888695
M_146013_890515	"SHEA ROAD"	75	0	146013	890515
M_146014_887274	"WEST MAIN STREET"	127	0	146014	887274
M_146019_886969	"RAILROAD AVE"	54	0	146019	886969
M_146024_888750	"HIGHLAND TRAIL"	34	0	146024	888750
M_146026_889055	"WOODSIDE ROAD"	11	0	146026	889055
M_146027_889559	"WICKABOAG VLY RD"	137	0	146027	889559
M_146029_888851	"OAK DRIVE"	15	0	146029	888851
M_146032_889010	"WOODSIDE ROAD"	16	0	146032	889010
M_146036_890619	"SHEA ROAD"	83	0	146036	890619
M_146039_887097	"WARE STREET"	5	0	146039	887097
M_146040_888665	"CAMPFIRE PLACE"	10	0	146040	888665
M_146040_888950	"WOODSIDE ROAD"	18	0	146040	888950
M_146043_888725	"CAMPFIRE PLACE"	3	0	146043	888725
M_146045_889083	"WOODSIDE ROAD"	3	0	146045	889083
M_146046_887226	"WEST MAIN STREET"	121	0	146046	887226
M_146047_887430	"BIRCH COVE"	32	0	146047	887430
M_146051_889115	"WICKABOAG VLY RD"	110	0	146051	889115
M_146051_891043	"MADDEN ROAD"	33	0	146051	891043
M_146059_890805	"SHEA ROAD"	94	0	146059	890805
M_146060_888795	"OAK DRIVE"	23	0	146060	888795
M_146065_888636	"RODMAN STREET"	5	0	146065	888636
M_146069_885596	"DAVIS RD"	19	0	146069	885596
M_146070_886173	"OFF LONG HILL RD"	0	0	146070	886173
M_146070_888704	"CAMPFIRE PLACE"	4	0	146070	888704
M_146071_889043	"WICKABOAG VLY RD"	106	0	146071	889043
M_146071_892789	"MADDEN ROAD"	148	0	146071	892789
M_146073_885517	"DAVIS RD"	25	0	146073	885517
M_146073_893252	"WICKABOAG VLY RD"	429	0	146073	893252
M_146077_887226	"WEST MAIN STREET"	117	0	146077	887226
M_146077_889521	"WICKABOAG VLY RD"	133	0	146077	889521
M_146082_887169	"WEST MAIN STREET"	118	0	146082	887169
M_146084_888619	"RODMAN STREET"	7	0	146084	888619
M_146084_891093	"MADDEN ROAD"	37	0	146084	891093
M_146087_888678	"RODMAN STREET"	4	0	146087	888678
M_146088_893410	"OFF WICKABOAG VLY RD"	0	0	146088	893410
M_146094_888389	"BURRINGTON ROAD"	57	0	146094	888389
M_146095_889201	"WICKABOAG VLY RD"	115	0	146095	889201
M_146096_890640	"SHEA ROAD"	91	0	146096	890640
M_146097_888607	"RODMAN STREET"	11	0	146097	888607
M_146098_889004	"WOODSIDE ROAD"	10	0	146098	889004
M_146101_888951	"WICKABOAG VLY RD"	100	0	146101	888951
M_146101_889291	"WICKABOAG VLY RD"	119	0	146101	889291
M_146102_887442	"BIRCH COVE"	40	0	146102	887442
M_146102_888707	"OAK DRIVE"	12	0	146102	888707
M_146104_887075	"WARE STREET"	15	0	146104	887075
M_146105_887331	"OFF WEST MAIN ST"	0	0	146105	887331
M_146108_889468	"WICKABOAG VLY RD"	129	0	146108	889468
M_146112_884287	"DAVIS RD"	84	0	146112	884287
M_146112_889393	"WICKABOAG VLY RD"	125	0	146112	889393
M_146112_890862	"SHEA ROAD"	104	0	146112	890862
M_146114_889152	"WICKABOAG VLY RD"	111	0	146114	889152
M_146114_889177	"PINE GROVE ROAD"	28	0	146114	889177
M_146115_887227	"WEST MAIN STREET"	113	0	146115	887227
M_146115_889129	"WICKABOAG VLY RD"	109	0	146115	889129
M_146117_887162	"WEST MAIN STREET"	114	0	146117	887162
M_146118_888581	"RODMAN STREET"	17	0	146118	888581
M_146118_889099	"PINE GROVE ROAD"	18	0	146118	889099
M_146118_890668	"SHEA ROAD"	95	0	146118	890668
M_146118_891145	"MADDEN ROAD"	43	0	146118	891145
M_146120_886795	"LONG HILL RD"	27	0	146120	886795
M_146125_889066	"WICKABOAG VLY RD"	103	0	146125	889066
M_146127_888668	"COUNCIL GROVE AVE"	27	0	146127	888668
M_146128_888916	"WICKABOAG VLY RD"	96	0	146128	888916
M_146135_888559	"RODMAN STREET"	21	0	146135	888559
M_146136_883655	"OFF RICHARDSON RD"	0	0	146136	883655
M_146138_885141	"DAVIS RD"	44	0	146138	885141
M_146138_888538	"RODMAN STREET"	25	0	146138	888538
M_146138_891333	"MADDEN ROAD"	53	0	146138	891333
M_146142_888277	"BURRINGTON ROAD"	67	0	146142	888277
M_146142_888523	"RODMAN STREET"	27	0	146142	888523
M_146142_890693	"SHEA ROAD"	99	0	146142	890693
M_146143_888730	"OAK DRIVE"	9	0	146143	888730
M_146147_891201	"MADDEN ROAD"	47	0	146147	891201
M_146149_888497	"RODMAN STREET"	29	0	146149	888497
M_146151_889032	"WICKABOAG VLY RD"	101	0	146151	889032
M_146155_888617	"COUNCIL GROVE AVE"	30	0	146155	888617
M_146155_888880	"WICKABOAG VLY RD"	94	0	146155	888880
M_146157_886615	"WARFIELD RD"	11	0	146157	886615
M_146162_887056	"WARE STREET"	23	0	146162	887056
M_146164_887228	"WEST MAIN STREET"	105	0	146164	887228
M_146165_890929	"SHEA ROAD"	114	0	146165	890929
M_146166_887155	"WEST MAIN STREET"	106	0	146166	887155
M_146168_888237	"BURRINGTON ROAD"	75	0	146168	888237
M_146170_887419	"MOORINGS WAY"	29	0	146170	887419
M_146171_890716	"SHEA ROAD"	105	0	146171	890716
M_146175_888700	"COUNCIL GROVE AVE"	19	0	146175	888700
M_146175_888746	"COUNCIL GROVE AVE"	15	0	146175	888746
M_146176_886038	"LONG HILL RD"	69	0	146176	886038
M_146177_883482	"RICHARDSON RD"	4	0	146177	883482
M_146177_886134	"LONG HILL RD"	61	0	146177	886134
M_146179_891501	"MADDEN ROAD"	63	0	146179	891501
M_146184_886225	"LONG HILL RD"	55	0	146184	886225
M_146184_888844	"WICKABOAG VLY RD"	90	0	146184	888844
M_146187_888526	"RODMAN STREET"	30	0	146187	888526
M_146187_889146	"PINE GROVE ROAD"	25	0	146187	889146
M_146189_888219	"BURRINGTON ROAD"	79	0	146189	888219
M_146189_888573	"RODMAN STREET"	24	0	146189	888573
M_146194_890745	"SHEA ROAD"	109	0	146194	890745
M_146198_888775	"COUNCIL GROVE AVE"	7	0	146198	888775
M_146200_888208	"BURRINGTON ROAD"	81	0	146200	888208
M_146201_887326	"MOORINGS WAY"	17	0	146201	887326
M_146201_887379	"MOORINGS WAY"	25	0	146201	887379
M_146202_888627	"COUNCIL GROVE AVE"	26	0	146202	888627
M_146202_889086	"PINE GROVE ROAD"	15	0	146202	889086
M_146204_889004	"WICKABOAG VLY RD"	97	0	146204	889004
M_146207_887119	"WARE STREET"	26	0	146207	887119
M_146214_886331	"LONG HILL RD"	49	0	146214	886331
M_146216_887029	"WARE STREET"	29	0	146216	887029
M_146216_888807	"WICKABOAG VLY RD"	86	0	146216	888807
M_146217_887263	"WEST MAIN STREET"	97	0	146217	887263
M_146217_888194	"BURRINGTON ROAD"	83	0	146217	888194
M_146219_890991	"SHEA ROAD"	124	0	146219	890991
M_146220_883278	"RICHARDSON RD"	5	0	146220	883278
M_146221_887163	"WEST MAIN STREET"	98	0	146221	887163
M_146224_883175	"OFF RICHARDSON RD"	0	0	146224	883175
M_146230_890773	"SHEA ROAD"	117	0	146230	890773
M_146231_888659	"COUNCIL GROVE AVE"	18	0	146231	888659
M_146236_886052	"LONG HILL RD"	65	0	146236	886052
M_146241_888181	"BURRINGTON ROAD"	87	0	146241	888181
M_146242_887116	"WARE STREET"	30	0	146242	887116
M_146258_887008	"WARE STREET"	37	0	146258	887008
M_146258_888170	"BURRINGTON ROAD"	89	0	146258	888170
M_146261_886921	"RAILROAD AVE"	44	0	146261	886921
M_146261_887265	"WEST MAIN STREET"	91	0	146261	887265
M_146262_888693	"COUNCIL GROVE AVE"	12	0	146262	888693
M_146263_888332	"BURRINGTON ROAD"	61	0	146263	888332
M_146268_885581	"DAVIS RD"	20	0	146268	885581
M_146269_893277	"MADDEN ROAD"	180	0	146269	893277
M_146270_887111	"WARE STREET"	34	0	146270	887111
M_146272_888160	"BURRINGTON ROAD"	91	0	146272	888160
M_146273_887169	"WEST MAIN STREET"	92	0	146273	887169
M_146274_890792	"SHEA ROAD"	123	0	146274	890792
M_146274_891015	"SHEA ROAD"	130	0	146274	891015
M_146276_888528	"COUNTRY LANE"	1	0	146276	888528
M_146278_883233	"RICHARDSON RD"	11	0	146278	883233
M_146281_886537	"LONG HILL RD"	35	0	146281	886537
M_146297_887072	"WARE STREET"	40	0	146297	887072
M_146297_888726	"WICKABOAG VLY RD"	80	0	146297	888726
M_146300_888139	"BURRINGTON ROAD"	97	0	146300	888139
M_146301_885708	"LONG HILL RD"	85	0	146301	885708
M_146301_886994	"WARE STREET"	43	0	146301	886994
M_146304_886425	"LONG HILL RD"	41	0	146304	886425
M_146309_887315	"WEST MAIN STREET"	83	0	146309	887315
M_146310_889077	"WICKABOAG VLY RD"	93	0	146310	889077
M_146311_890803	"SHEA ROAD"	129	0	146311	890803
M_146313_891177	"SHEA ROAD"	160	0	146313	891177
M_146316_887172	"WEST MAIN STREET"	86	0	146316	887172
M_146318_882951	"RICHARDSON RD"	19	0	146318	882951
M_146318_883411	"RICHARDSON RD"	12	0	146318	883411
M_146319_882704	"LONG HILL RD"	329	0	146319	882704
M_146321_890044	"WICKABOAG VLY RD"	153	0	146321	890044
M_146322_888108	"LAKE VIEW AVE"	90	0	146322	888108
M_146323_887095	"O'DAY LANE"	21	0	146323	887095
M_146332_887055	"WARE STREET"	44	0	146332	887055
M_146333_883795	"RICHARDSON RD"	6	0	146333	883795
M_146334_885998	"LONG HILL RD"	72	0	146334	885998
M_146335_882758	"LONG HILL RD"	325	0	146335	882758
M_146335_885952	"LONG HILL RD"	80	0	146335	885952
M_146335_888088	"LAKE VIEW AVE"	86	0	146335	888088
M_146336_886983	"WARE STREET"	47	0	146336	886983
M_146338_888671	"WICKABOAG VLY RD"	76	0	146338	888671
M_146340_886044	"LONG HILL RD"	68	0	146340	886044
M_146345_888130	"LAKE VIEW AVE"	89	0	146345	888130
M_146347_888063	"LAKE VIEW AVE"	80	0	146347	888063
M_146348_890807	"SHEA ROAD"	135	0	146348	890807
M_146349_890882	"SHEA ROAD"	139	0	146349	890882
M_146352_882821	"LONG HILL RD"	319	0	146352	882821
M_146354_891283	"SHEA ROAD"	170	0	146354	891283
M_146355_886186	"LONG HILL RD"	56	0	146355	886186
M_146356_888030	"LAKE VIEW AVE"	78	0	146356	888030
M_146357_885916	"LONG HILL RD"	84	0	146357	885916
M_146359_886883	"RAILROAD AVE"	28	0	146359	886883
M_146360_888802	"WICKABOAG VLY RD"	79	0	146360	888802
M_146362_887138	"O'DAY LANE"	17	0	146362	887138
M_146363_888008	"LAKE VIEW AVE"	74	0	146363	888008
M_146363_891034	"SHEA ROAD"	150	0	146363	891034
M_146365_886971	"WARE STREET"	51	0	146365	886971
M_146365_888110	"LAKE VIEW AVE"	85	0	146365	888110
M_146367_882418	"OFF CRONIN RD"	0	0	146367	882418
M_146370_887986	"LAKE VIEW AVE"	72	0	146370	887986
M_146372_891383	"OFF MADDEN ROAD"	0	0	146372	891383
M_146376_887048	"WARE STREET"	50	0	146376	887048
M_146377_882454	"OFF CRONIN RD"	0	0	146377	882454
M_146377_887328	"KNOLLSYDE DRIVE"	21	0	146377	887328
M_146381_883126	"RICHARDSON RD"	21	0	146381	883126
M_146389_882492	"OFF CRONIN RD"	0	0	146389	882492
M_146389_887444	"WEST MAIN STREET"	65	0	146389	887444
M_146390_888631	"WICKABOAG VLY RD"	72	0	146390	888631
M_146391_887948	"LAKE VIEW AVE"	66	0	146391	887948
M_146392_882545	"CRONIN ROAD"	948	0	146392	882545
M_146392_888108	"LAKE VIEW AVE"	79	0	146392	888108
M_146396_888748	"WICKABOAG VLY RD"	75	0	146396	888748
M_146397_889030	"WICKABOAG VLY RD"	89	0	146397	889030
M_146398_886959	"WARE STREET"	57	0	146398	886959
M_146398_890905	"SHEA ROAD"	145	0	146398	890905
M_146400_888012	"LAKE VIEW AVE"	73	0	146400	888012
M_146401_887019	"CROSS STREET"	29	0	146401	887019
M_146402_888044	"LAKE VIEW AVE"	77	0	146402	888044
M_146404_887150	"O'DAY LANE"	8	0	146404	887150
M_146405_883358	"RICHARDSON RD"	18	0	146405	883358
M_146405_885909	"LONG HILL RD"	90	0	146405	885909
M_146406_887243	"WEST MAIN STREET"	73	0	146406	887243
M_146406_887919	"LAKE VIEW AVE"	62	0	146406	887919
M_146408_882598	"LONG HILL RD"	330	0	146408	882598
M_146409_887046	"CROSS STREET"	25	0	146409	887046
M_146409_887979	"LAKE VIEW AVE"	69	0	146409	887979
M_146412_887283	"WEST MAIN STREET"	71	0	146412	887283
M_146412_887904	"LAKE VIEW AVE"	60	0	146412	887904
M_146414_887120	"CROSS STREET"	15	0	146414	887120
M_146415_887071	"CROSS STREET"	21	0	146415	887071
M_146416_888610	"WICKABOAG VLY RD"	70	0	146416	888610
M_146420_882876	"LONG HILL RD"	315	0	146420	882876
M_146421_886950	"WARE STREET"	59	0	146421	886950
M_146421_887095	"CROSS STREET"	19	0	146421	887095
M_146422_886805	"OLD LONG HILL RD"	23	0	146422	886805
M_146425_887875	"LAKE VIEW AVE"	54	0	146425	887875
M_146425_889658	"BIRCH HILL ROAD"	62	0	146425	889658
M_146426_887951	"LAKE VIEW AVE"	63	0	146426	887951
M_146428_887243	"WEST MAIN STREET"	69	0	146428	887243
M_146428_890780	"SHEA ROAD"	141	0	146428	890780
M_146432_890921	"SHEA ROAD"	153	0	146432	890921
M_146434_888069	"ROY TERRACE"	34	0	146434	888069
M_146434_888954	"WICKABOAG VLY RD"	83	0	146434	888954
M_146435_887146	"CROSS STREET"	11	0	146435	887146
M_146435_887934	"LAKE VIEW AVE"	61	0	146435	887934
M_146436_888517	"WICKABOAG VLY RD"	66	0	146436	888517
M_146437_887846	"LAKE VIEW AVE"	52	0	146437	887846
M_146439_882643	"LONG HILL RD"	326	0	146439	882643
M_146439_888018	"ROY TERRACE"	28	0	146439	888018
M_146441_886528	"LONG HILL RD"	32	0	146441	886528
M_146442_887920	"LAKE VIEW AVE"	59	0	146442	887920
M_146443_886431	"LONG HILL RD"	38	0	146443	886431
M_146443_887832	"LAKE VIEW AVE"	48	0	146443	887832
M_146445_887180	"WEST MAIN STREET"	66	0	146445	887180
M_146446_887976	"ROY TERRACE"	22	0	146446	887976
M_146450_882942	"LONG HILL RD"	309	0	146450	882942
M_146450_886317	"LONG HILL RD"	48	0	146450	886317
M_146450_887022	"CROSS STREET"	30	0	146450	887022
M_146450_887906	"LAKE VIEW AVE"	57	0	146450	887906
M_146451_887245	"WEST MAIN STREET"	67	0	146451	887245
M_146451_888737	"WICKABOAG VLY RD"	71	0	146451	888737
M_146453_886154	"LONG HILL RD"	64	0	146453	886154
M_146454_892068	"MADDEN ROAD"	147	0	146454	892068
M_146455_887476	"OFF ALLEN STREET"	30	0	146455	887476
M_146457_887892	"LAKE VIEW AVE"	55	0	146457	887892
M_146462_886716	"OLD LONG HILL RD"	28	0	146462	886716
M_146465_883166	"RICHARDSON RD"	25	0	146465	883166
M_146465_887942	"ROY TERRACE"	18	0	146465	887942
M_146466_887087	"WEST STREET"	39	0	146466	887087
M_146466_889368	"BIRCH HILL ROAD"	50	0	146466	889368
M_146466_890934	"SHEA ROAD"	157	0	146466	890934
M_146468_887873	"LAKE VIEW AVE"	51	0	146468	887873
M_146471_887481	"ALLEN STREET"	32	0	146471	887481
M_146474_887436	"ALLEN STREET"	28	0	146474	887436
M_146477_886927	"WARE STREET"	67	0	146477	886927
M_146478_883005	"LONG HILL RD"	305	0	146478	883005
M_146478_887405	"ALLEN STREET"	24	0	146478	887405
M_146479_887915	"ROY TERRACE"	12	0	146479	887915
M_146481_886992	"WARE STREET"	62	0	146481	886992
M_146482_887116	"CROSS STREET"	16	0	146482	887116
M_146482_887375	"ALLEN STREET"	20	0	146482	887375
M_146484_888499	"WICKABOAG VLY RD"	62	0	146484	888499
M_146486_887345	"ALLEN STREET"	16	0	146486	887345
M_146487_887034	"WEST STREET"	36	0	146487	887034
M_146487_887853	"LAKE VIEW AVE"	47	0	146487	887853
M_146490_883319	"RICHARDSON RD"	24	0	146490	883319
M_146490_887087	"WEST STREET"	35	0	146490	887087
M_146490_887163	"WEST MAIN STREET"	62	0	146490	887163
M_146490_887315	"ALLEN STREET"	12	0	146490	887315
M_146492_885680	"LONG HILL RD"	99	0	146492	885680
M_146493_887801	"LAKE VIEW AVE"	42	0	146493	887801
M_146494_887276	"ALLEN STREET"	8	0	146494	887276
M_146496_887888	"ROY TERRACE"	8	0	146496	887888
M_146497_890855	"SHEA ROAD"	143	0	146497	890855
M_146498_887240	"WEST MAIN STREET"	61	0	146498	887240
M_146499_887493	"ALLEN STREET"	33	0	146499	887493
M_146502_887969	"ROY TERRACE"	17	0	146502	887969
M_146503_890945	"SHEA ROAD"	161	0	146503	890945
M_146507_885837	"LONG HILL RD"	98	0	146507	885837
M_146508_883057	"LONG HILL RD"	301	0	146508	883057
M_146513_888029	"ROY TERRACE"	27	0	146513	888029
M_146516_887031	"WEST STREET"	32	0	146516	887031
M_146517_887102	"WEST STREET"	33	0	146517	887102
M_146518_886725	"OLD LONG HILL RD"	20	0	146518	886725
M_146518_887865	"LAKE VIEW AVE"	41	0	146518	887865
M_146520_882722	"GRIFFING ROAD"	11	0	146520	882722
M_146523_887170	"WEST MAIN STREET"	58	0	146523	887170
M_146523_887936	"ROY TERRACE"	11	0	146523	887936
M_146524_886820	"OLD LONG HILL RD"	11	0	146524	886820
M_146527_887515	"ALLEN STREET"	35	0	146527	887515
M_146529_883143	"RICHARDSON RD"	29	0	146529	883143
M_146529_886983	"WARE STREET"	68	0	146529	886983
M_146531_887443	"ALLEN STREET"	27	0	146531	887443
M_146533_887472	"OFF ALLEN STREET"	0	0	146533	887472
M_146533_888474	"WICKABOAG VLY RD"	60	0	146533	888474
M_146535_887413	"ALLEN STREET"	23	0	146535	887413
M_146537_886850	"RAILROAD AVE"	5	0	146537	886850
M_146537_886902	"WARE STREET"	77	0	146537	886902
M_146539_887383	"ALLEN STREET"	19	0	146539	887383
M_146543_886953	"WARE STREET"	76	0	146543	886953
M_146545_887087	"WEST STREET"	29	0	146545	887087
M_146547_887322	"ALLEN STREET"	11	0	146547	887322
M_146549_888762	"BIRCH HILL ROAD"	12	0	146549	888762
M_146551_887292	"ALLEN STREET"	7	0	146551	887292
M_146553_887024	"WEST STREET"	26	0	146553	887024
M_146555_883300	"RICHARDSON RD"	28	0	146555	883300
M_146556_887254	"WEST MAIN STREET"	53	0	146556	887254
M_146557_887156	"WEST MAIN STREET"	54	0	146557	887156
M_146559_882812	"LONG HILL RD"	316	0	146559	882812
M_146561_885160	"LONG HILL RD"	125	0	146561	885160
M_146567_886181	"LONG HILL RD"	94	0	146567	886181
M_146567_887086	"WEST STREET"	25	0	146567	887086
M_146567_887359	"ALLEN STREET"	15	0	146567	887359
M_146573_886887	"WARE STREET"	81	0	146573	886887
M_146573_887880	"LAKE VIEW AVE"	33	0	146573	887880
M_146574_881659	"OFF CRONIN RD"	0	0	146574	881659
M_146576_886775	"OLD LONG HILL RD"	6	0	146576	886775
M_146576_890691	"SHEA ROAD"	207	0	146576	890691
M_146579_881599	"OFF CRONIN RD"	0	0	146579	881599
M_146581_888448	"WICKABOAG VLY RD"	56	0	146581	888448
M_146583_881561	"OFF CRONIN RD"	0	0	146583	881561
M_146583_888207	"WICKABOAG VLY RD"	20	0	146583	888207
M_146584_887743	"LAKE VIEW AVE"	12	0	146584	887743
M_146585_887011	"WEST STREET"	22	0	146585	887011
M_146585_887294	"CHARMIL DRIVE"	11	0	146585	887294
M_146587_887267	"CHARMIL DRIVE"	15	0	146587	887267
M_146588_887544	"CHAPMAN AVE"	35	0	146588	887544
M_146588_887544	"COTTAGE STREET"	67	0	146588	887544
M_146588_887544	"COTTAGE STREET"	68	0	146588	887544
M_146589_886654	"LONG HILL RD"	16	0	146589	886654
M_146589_887638	"EMERALD ISLE CONDOS"	1	0	146589	887638
M_146589_887638	"EMERALD ISLE CONDOS"	10	0	146589	887638
M_146589_887638	"EMERALD ISLE CONDOS"	11	0	146589	887638
M_146589_887638	"EMERALD ISLE CONDOS"	12	0	146589	887638
M_146589_887638	"EMERALD ISLE CONDOS"	2	0	146589	887638
M_146589_887638	"EMERALD ISLE CONDOS"	3	0	146589	887638
M_146589_887638	"EMERALD ISLE CONDOS"	4	0	146589	887638
M_146589_887638	"EMERALD ISLE CONDOS"	5	0	146589	887638
M_146589_887638	"EMERALD ISLE CONDOS"	6	0	146589	887638
M_146589_887638	"EMERALD ISLE CONDOS"	7	0	146589	887638
M_146589_887638	"EMERALD ISLE CONDOS"	8	0	146589	887638
M_146589_887638	"EMERALD ISLE CONDOS"	9	0	146589	887638
M_146590_885901	"LONG HILL RD"	102	0	146590	885901
M_146590_887085	"WEST STREET"	23	0	146590	887085
M_146590_887156	"WEST MAIN STREET"	50	0	146590	887156
M_146590_887246	"WEST MAIN STREET"	49	0	146590	887246
M_146591_893263	"MADDEN ROAD"	179	0	146591	893263
M_146593_883427	"LONG HILL RD"	273	0	146593	883427
M_146601_886933	"WARE STREET"	82	0	146601	886933
M_146601_887309	"CHARMIL DRIVE"	9	0	146601	887309
M_146601_887401	"CHAPMAN AVE"	22	0	146601	887401
M_146602_887452	"CHAPMAN AVE"	28	0	146602	887452
M_146603_886811	"OLD LONG HILL RD"	5	0	146603	886811
M_146607_882879	"LONG HILL RD"	308	0	146607	882879
M_146607_886978	"MILK STREET"	47	0	146607	886978
M_146608_885591	"LONG HILL RD"	111	0	146608	885591
M_146608_890975	"SHEA ROAD"	177	0	146608	890975
M_146610_887336	"CHAPMAN AVE"	14	0	146610	887336
M_146613_881521	"OFF CRONIN RD"	0	0	146613	881521
M_146613_883114	"RICHARDSON RD"	35	0	146613	883114
M_146614_881490	"OFF CRONIN RD"	0	0	146614	881490
M_146618_883510	"LONG HILL RD"	267	0	146618	883510
M_146621_883282	"RICHARDSON RD"	32	0	146621	883282
M_146621_887027	"WEST STREET"	18	0	146621	887027
M_146622_887261	"WEST MAIN STREET"	45	0	146622	887261
M_146624_882143	"GRIFFING ROAD"	15	0	146624	882143
M_146626_886425	"ALONG QUABOAG RIVER"	0	0	146626	886425
M_146626_888899	"BIRCH HILL ROAD"	24	0	146626	888899
M_146627_888977	"BIRCH HILL ROAD"	28	0	146627	888977
M_146628_887107	"WEST STREET"	17	0	146628	887107
M_146628_888425	"WICKABOAG VLY RD"	52	0	146628	888425
M_146629_887371	"CHAPMAN AVE"	18	0	146629	887371
M_146633_887178	"WEST MAIN STREET"	44	0	146633	887178
M_146633_887314	"CHARMIL DRIVE"	7	0	146633	887314
M_146637_881430	"OFF CRONIN RD"	0	0	146637	881430
M_146642_883588	"LONG HILL RD"	263	0	146642	883588
M_146644_882749	"GRIFFING ROAD"	12	0	146644	882749
M_146646_889048	"BIRCH HILL ROAD"	34	0	146646	889048
M_146646_890050	"BIRCH HILL ROAD"	90	0	146646	890050
M_146648_886869	"MILK STREET"	58	0	146648	886869
M_146648_887298	"CHARMIL DRIVE"	5	0	146648	887298
M_146656_886742	"FREIGHT HOUSE ROAD"	7	0	146656	886742
M_146657_887264	"CHARMIL DRIVE"	3	0	146657	887264
M_146659_887085	"WEST STREET"	15	0	146659	887085
M_146661_889119	"BIRCH HILL ROAD"	38	0	146661	889119
M_146664_883666	"LONG HILL RD"	255	0	146664	883666
M_146665_887026	"WEST STREET"	12	0	146665	887026
M_146665_887531	"CHAPMAN AVE"	33	0	146665	887531
M_146671_887890	"ROY TERRACE"	7	0	146671	887890
M_146673_889207	"BIRCH HILL ROAD"	42	0	146673	889207
M_146674_888408	"WICKABOAG VLY RD"	50	0	146674	888408
M_146678_887171	"WEST MAIN STREET"	38	0	146678	887171
M_146679_882900	"LONG HILL RD"	304	0	146679	882900
M_146679_887096	"WEST STREET"	11	0	146679	887096
M_146681_886986	"MILK STREET"	41	0	146681	886986
M_146683_888577	"BIRCH HILL ROAD"	5	0	146683	888577
M_146686_883260	"RICHARDSON RD"	36	0	146686	883260
M_146687_883744	"LONG HILL RD"	251	0	146687	883744
M_146691_887375	"CHAPMAN AVE"	17	0	146691	887375
M_146693_889835	"BIRCH HILL ROAD"	76	0	146693	889835
M_146695_887346	"CHAPMAN AVE"	15	0	146695	887346
M_146697_882704	"GRIFFING ROAD"	16	0	146697	882704
M_146700_891702	"SHEA ROAD"	186	0	146700	891702
M_146701_887275	"WEST MAIN STREET"	35	0	146701	887275
M_146702_888656	"BIRCH HILL ROAD"	9	0	146702	888656
M_146703_887316	"CHAPMAN AVE"	9	0	146703	887316
M_146703_887592	"COTTAGE STREET"	50	0	146703	887592
M_146704_886726	"FREIGHT HOUSE ROAD"	11	0	146704	886726
M_146705_887085	"WEST STREET"	7	0	146705	887085
M_146707_885525	"LONG HILL RD"	119	0	146707	885525
M_146708_886931	"MILK STREET"	44	0	146708	886931
M_146708_887191	"WEST MAIN STREET"	36	0	146708	887191
M_146709_884337	"LONG HILL RD"	213	0	146709	884337
M_146709_888386	"WICKABOAG VLY RD"	46	0	146709	888386
M_146710_883823	"LONG HILL RD"	247	0	146710	883823
M_146713_886766	"FREIGHT HOUSE ROAD"	14	0	146713	886766
M_146715_887029	"WEST STREET"	6	0	146715	887029
M_146715_887681	"COTTAGE STREET"	51	0	146715	887681
M_146721_887742	"LAKE VIEW AVE"	5	0	146721	887742
M_146723_888721	"BIRCH HILL ROAD"	15	0	146723	888721
M_146725_887446	"CHAPMAN AVE"	19	0	146725	887446
M_146726_885663	"LONG HILL RD"	112	0	146726	885663
M_146727_882937	"LONG HILL RD"	298	0	146727	882937
M_146729_883902	"LONG HILL RD"	241	0	146729	883902
M_146731_886824	"FRONT STREET"	15	0	146731	886824
M_146731_890125	"BIRCH HILL ROAD"	94	0	146731	890125
M_146734_886707	"FREIGHT HOUSE ROAD"	17	0	146734	886707
M_146734_887122	"MILK STREET"	19	0	146734	887122
M_146735_887282	"WEST MAIN STREET"	33	0	146735	887282
M_146737_887146	"MILK STREET"	17	0	146737	887146
M_146738_886896	"FRONT STREET"	12	0	146738	886896
M_146739_892910	"OFF MADDEN ROAD"	0	0	146739	892910
M_146743_887088	"MILK STREET"	25	0	146743	887088
M_146744_883235	"RICHARDSON RD"	40	0	146744	883235
M_146744_888787	"BIRCH HILL ROAD"	19	0	146744	888787
M_146746_887580	"COTTAGE STREET"	42	0	146746	887580
M_146751_886989	"SHERMAN STREET"	14	0	146751	886989
M_146752_887657	"COTTAGE STREET"	47	0	146752	887657
M_146754_882569	"GRIFFING ROAD"	28	0	146754	882569
M_146755_887196	"WEST MAIN STREET"	30	0	146755	887196
M_146757_887315	"WEST MAIN STREET"	31	0	146757	887315
M_146758_887547	"COTTAGE STREET"	38	0	146758	887547
M_146762_890193	"BIRCH HILL ROAD"	98	0	146762	890193
M_146763_888855	"BIRCH HILL ROAD"	23	0	146763	888855
M_146766_888393	"WICKABOAG VLY RD"	42	0	146766	888393
M_146768_887527	"COTTAGE STREET"	36	0	146768	887527
M_146774_886875	"CENTRAL STREET"	73	0	146774	886875
M_146774_886977	"SHERMAN STREET"	10	0	146774	886977
M_146775_882979	"LONG HILL RD"	294	0	146775	882979
M_146776_886921	"SHERMAN STREET"	5	0	146776	886921
M_146776_887634	"COTTAGE STREET"	43	0	146776	887634
M_146779_885777	"LONG HILL RD"	110	0	146779	885777
M_146779_887507	"COTTAGE STREET"	32	0	146779	887507
M_146780_891337	"SHEA ROAD"	200	0	146780	891337
M_146781_887009	"MILK STREET"	34	0	146781	887009
M_146781_891058	"SHEA ROAD"	208	0	146781	891058
M_146782_887989	"WICKABOAG VLY RD"	10	0	146782	887989
M_146785_889681	"BIRCH HILL ROAD"	70	0	146785	889681
M_146790_887619	"COTTAGE STREET"	41	0	146790	887619
M_146796_887321	"WEST MAIN STREET"	27	0	146796	887321
M_146796_887494	"COTTAGE STREET"	30	0	146796	887494
M_146797_886977	"SHERMAN STREET"	8	0	146797	886977
M_146798_888669	"WICKABOAG VLY RD"	47	0	146798	888669
M_146799_888356	"WICKABOAG VLY RD"	38	0	146799	888356
M_146801_887031	"MILK STREET"	30	0	146801	887031
M_146801_887124	"MECHANIC STREET"	16	0	146801	887124
M_146801_888074	"WICKABOAG VLY RD"	16	0	146801	888074
M_146804_885228	"LONG HILL RD"	153	0	146804	885228
M_146804_885611	"LONG HILL RD"	122	0	146804	885611
M_146806_885040	"LONG HILL RD"	163	0	146806	885040
M_146806_887073	"MILK STREET"	26	0	146806	887073
M_146810_887598	"LAKE STREET"	2	0	146810	887598
M_146811_886777	"FRONT STREET"	27	0	146811	886777
M_146811_886947	"CENTRAL STREET"	63	0	146811	886947
M_146812_887693	"LAKE STREET"	18	0	146812	887693
M_146813_887798	"OFF LAKE STREET"	0	0	146813	887798
M_146814_887482	"COTTAGE STREET"	26	0	146814	887482
M_146816_887156	"MILK STREET"	16	0	146816	887156
M_146818_886657	"FREIGHT HOUSE ROAD"	29	0	146818	886657
M_146819_887121	"MECHANIC STREET"	14	0	146819	887121
M_146822_887921	"WICKABOAG VLY RD"	6	0	146822	887921
M_146824_888202	"WICKABOAG VLY RD"	26	0	146824	888202
M_146825_888020	"WICKABOAG VLY RD"	14	0	146825	888020
M_146827_887342	"WEST MAIN STREET"	19	0	146827	887342
M_146828_885138	"LONG HILL RD"	155	0	146828	885138
M_146829_886975	"CENTRAL STREET"	57	0	146829	886975
M_146829_887634	"LAKE STREET"	12	0	146829	887634
M_146830_888298	"WICKABOAG VLY RD"	32	0	146830	888298
M_146834_887472	"COTTAGE STREET"	24	0	146834	887472
M_146836_887207	"WEST MAIN STREET"	22	0	146836	887207
M_146837_883069	"RICHARDSON RD"	49	0	146837	883069
M_146838_884811	"LONG HILL RD"	175	0	146838	884811
M_146839_887134	"MECHANIC STREET"	12	0	146839	887134
M_146840_884594	"LONG HILL RD"	193	0	146840	884594
M_146841_886068	"LONG HILL RD"	106	0	146841	886068
M_146845_887078	"MECHANIC STREET"	9	0	146845	887078
M_146846_887003	"CENTRAL STREET"	53	0	146846	887003
M_146846_887454	"COTTAGE STREET"	22	0	146846	887454
M_146848_885597	"LONG HILL RD"	126	0	146848	885597
M_146848_888906	"BIRCH HILL ROAD"	27	0	146848	888906
M_146850_886849	"CENTRAL STREET"	72	0	146850	886849
M_146852_887362	"WEST MAIN STREET"	15	0	146852	887362
M_146855_887572	"COTTAGE STREET"	31	0	146855	887572
M_146856_887037	"CENTRAL STREET"	49	0	146856	887037
M_146859_887139	"MECHANIC STREET"	10	0	146859	887139
M_146860_882790	"RICHARDSON RD"	45	0	146860	882790
M_146861_887437	"COTTAGE STREET"	18	0	146861	887437
M_146865_887756	"LAKE STREET"	26	0	146865	887756
M_146866_887700	"LAKE STREET"	22	0	146866	887700
M_146868_887223	"WEST MAIN STREET"	20	0	146868	887223
M_146869_888974	"BIRCH HILL ROAD"	33	0	146869	888974
M_146871_887113	"MECHANIC STREET"	8	0	146871	887113
M_146872_886918	"CENTRAL STREET"	62	0	146872	886918
M_146873_887556	"COTTAGE STREET"	27	0	146873	887556
M_146876_887515	"COTTAGE STREET"	23	0	146876	887515
M_146878_887418	"COTTAGE STREET"	16	0	146878	887418
M_146883_887066	"CENTRAL STREET"	43	0	146883	887066
M_146887_888498	"WICKABOAG VLY RD"	41	0	146887	888498
M_146894_887397	"COTTAGE STREET"	12	0	146894	887397
M_146895_887798	"LAKE STREET"	34	0	146895	887798
M_146896_887237	"WEST MAIN STREET"	18	0	146896	887237
M_146896_887605	"LAKE STREET"	15	0	146896	887605
M_146898_886787	"FRONT STREET"	36	0	146898	886787
M_146899_889779	"BIRCH HILL ROAD"	84	0	146899	889779
M_146900_887492	"COTTAGE STREET"	19	0	146900	887492
M_146903_887275	"WEST MAIN STREET"	16	0	146903	887275
M_146904_887109	"CENTRAL STREET"	37	0	146904	887109
M_146906_887356	"WEST MAIN STREET"	9	0	146906	887356
M_146906_889052	"BIRCH HILL ROAD"	37	0	146906	889052
M_146907_887146	"CENTRAL STREET"	31	0	146907	887146
M_146909_886890	"FRONT STREET"	32	0	146909	886890
M_146909_887622	"LAKE STREET"	17	0	146909	887622
M_146910_886942	"CENTRAL STREET"	58	0	146910	886942
M_146911_882396	"GRIFFING ROAD"	41	0	146911	882396
M_146915_887182	"CENTRAL STREET"	25	0	146915	887182
M_146916_881429	"OFF CRONIN RD"	0	0	146916	881429
M_146923_882942	"RICHARDSON RD"	53	0	146923	882942
M_146923_887391	"COTTAGE STREET"	8	0	146923	887391
M_146923_887639	"LAKE STREET"	21	0	146923	887639
M_146924_887274	"WEST MAIN STREET"	12	0	146924	887274
M_146924_887469	"COTTAGE STREET"	15	0	146924	887469
M_146925_886978	"CENTRAL STREET"	52	0	146925	886978
M_146926_888012	"WICKABOAG VLY RD"	11	0	146926	888012
M_146931_889240	"BIRCH HILL ROAD"	53	0	146931	889240
M_146932_889477	"BIRCH HILL ROAD"	65	0	146932	889477
M_146933_886777	"FRONT STREET"	42	0	146933	886777
M_146933_890490	"BIRCH HILL ROAD"	134	0	146933	890490
M_146934_887818	"LAKE STREET"	40	0	146934	887818
M_146936_887657	"LAKE STREET"	23	0	146936	887657
M_146937_887992	"WICKABOAG VLY RD"	9	0	146937	887992
M_146939_887551	"NORTH MAIN STREET"	6	0	146939	887551
M_146941_887960	"WICKABOAG VLY RD"	7	0	146941	887960
M_146942_887044	"CENTRAL STREET"	44	0	146942	887044
M_146943_887230	"CENTRAL STREET"	19	0	146943	887230
M_146943_887370	"WEST MAIN STREET"	3	0	146943	887370
M_146944_886997	"CENTRAL STREET"	48	0	146944	886997
M_146946_887207	"CENTRAL STREET"	23	0	146946	887207
M_146946_889554	"BIRCH HILL ROAD"	69	0	146946	889554
M_146948_887853	"WICKABOAG VLY RD"	2	0	146948	887853
M_146950_886766	"FRONT STREET"	44	0	146950	886766
M_146951_887256	"CENTRAL STREET"	15	0	146951	887256
M_146951_887273	"CENTRAL STREET"	11	0	146951	887273
M_146951_887304	"WEST MAIN STREET"	8	0	146951	887304
M_146952_887066	"CENTRAL STREET"	40	0	146952	887066
M_146955_886577	"FREIGHT HOUSE ROAD"	45	0	146955	886577
M_146957_883831	"LONG HILL RD"	242	0	146957	883831
M_146958_884097	"LONG HILL RD"	224	0	146958	884097
M_146958_887085	"CENTRAL STREET"	38	0	146958	887085
M_146959_887105	"CENTRAL STREET"	36	0	146959	887105
M_146960_883945	"LONG HILL RD"	234	0	146960	883945
M_146962_887427	"COTTAGE STREET"	7	0	146962	887427
M_146962_887692	"LAKE STREET"	29	0	146962	887692
M_146962_888659	"WICKABOAG VLY RD"	43	0	146962	888659
M_146964_886951	"OFF CENTRAL STREET"	54	0	146964	886951
M_146965_882919	"RICHARDSON RD"	57	0	146965	882919
M_146968_887473	"COTTAGE STREET"	11	0	146968	887473
M_146970_887987	"CHURCH STREET EXT"	5	0	146970	887987
M_146972_888040	"CHURCH STREET EXT"	8	0	146972	888040
M_146973_887028	"HIGH STREET"	25	0	146973	887028
M_146975_887129	"CENTRAL STREET"	32	0	146975	887129
M_146976_884030	"LONG HILL RD"	228	0	146976	884030
M_146977_887139	"CENTRAL STREET"	30	0	146977	887139
M_146978_886748	"FRONT STREET"	48	0	146978	886748
M_146980_887392	"EAST MAIN STREET"	2	0	146980	887392
M_146983_884182	"LONG HILL RD"	216	0	146983	884182
M_146984_887153	"CENTRAL STREET"	28	0	146984	887153
M_146986_887052	"HIGH STREET"	21	0	146986	887052
M_146987_888438	"WICKABOAG VLY RD"	35	0	146987	888438
M_146987_891668	"OFF SHEA RD"	0	0	146987	891668
M_146988_887183	"CENTRAL STREET"	26	0	146988	887183
M_146988_887734	"LAKE STREET"	35	0	146988	887734
M_146989_887093	"HIGH STREET"	7	0	146989	887093
M_146990_887656	"CRESCENT AVE"	23	0	146990	887656
M_146990_888133	"OLD WICKABOAG VLY RD"	3	0	146990	888133
M_146992_887222	"CENTRAL STREET"	20	0	146992	887222
M_146993_887068	"HIGH STREET"	19	0	146993	887068
M_146994_884253	"LONG HILL RD"	214	0	146994	884253
M_146994_886659	"FRONT STREET"	45	0	146994	886659
M_146995_887294	"CENTRAL STREET"	10	0	146995	887294
M_146997_886931	"HIGH STREET"	28	0	146997	886931
M_146998_886829	"FRONT STREET"	52	0	146998	886829
M_146999_887395	"EAST MAIN STREET"	4	0	146999	887395
M_147000_887251	"CENTRAL STREET"	16	0	147000	887251
M_147000_887323	"EAST MAIN STREET"	1	0	147000	887323
M_147000_887425	"CENTRAL STREET"	10	0	147000	887425
M_147000_887425	"EAST MAIN STREET"	6	0	147000	887425
M_147001_887797	"LAKE STREET"	43	0	147001	887797
M_147004_884323	"LONG HILL RD"	210	0	147004	884323
M_147006_887975	"WICKABOAG VLY RD"	5	0	147006	887975
M_147009_888023	"CHURCH STREET EXT"	7	0	147009	888023
M_147010_887083	"HIGH STREET"	11	0	147010	887083
M_147012_887134	"HIGH STREET"	10	0	147012	887134
M_147012_887279	"CENTRAL STREET"	12	0	147012	887279
M_147013_884474	"LONG HILL RD"	200	0	147013	884474
M_147016_887689	"CRESCENT AVE"	17	0	147016	887689
M_147019_886721	"FRONT STREET"	56	0	147019	886721
M_147020_888074	"WICKABOAG VLY RD"	15	0	147020	888074
M_147022_886987	"HIGH STREET"	26	0	147022	886987
M_147024_887437	"EAST MAIN STREET"	"10 & 12"	0	147024	887437
M_147025_887615	"CRESCENT AVE"	24	0	147025	887615
M_147032_887027	"HIGH STREET"	22	0	147032	887027
M_147033_887262	"PLEASANT STREET"	15	0	147033	887262
M_147035_887119	"HIGH STREET"	12	0	147035	887119
M_147035_887232	"PLEASANT STREET"	19	0	147035	887232
M_147039_889637	"BIRCH HILL ROAD"	75	0	147039	889637
M_147041_887057	"HIGH STREET"	18	0	147041	887057
M_147044_887186	"PLEASANT STREET"	25	0	147044	887186
M_147044_887457	"EAST MAIN STREET"	16	0	147044	887457
M_147044_890157	"BIRCH HILL ROAD"	108	0	147044	890157
M_147046_887334	"EAST MAIN STREET"	7	0	147046	887334
M_147048_887743	"CHURCH STREET"	42	0	147048	887743
M_147054_887487	"NORTH MAIN STREET"	4	0	147054	887487
M_147056_887081	"PLEASANT STREET"	46	0	147056	887081
M_147056_889710	"BIRCH HILL ROAD"	79	0	147056	889710
M_147058_887540	"NORTH MAIN STREET"	8	0	147058	887540
M_147059_887584	"OFF CRESCENT AVE"	0	0	147059	887584
M_147065_888191	"OLD WICKABOAG VLY RD"	7	0	147065	888191
M_147069_886885	"OFF CENTRAL STREET"	0	0	147069	886885
M_147070_887337	"EAST MAIN STREET"	9	0	147070	887337
M_147071_887630	"CRESCENT AVE"	18	0	147071	887630
M_147073_887141	"PLEASANT STREET"	41	0	147073	887141
M_147076_887438	"EAST MAIN STREET"	18	0	147076	887438
M_147077_888321	"WICKABOAG VLY RD"	31	0	147077	888321
M_147078_887264	"PLEASANT STREET"	16	0	147078	887264
M_147082_887364	"EAST MAIN STREET"	11	0	147082	887364
M_147088_887674	"MYRICK STREET"	28	0	147088	887674
M_147092_889779	"BIRCH HILL ROAD"	83	0	147092	889779
M_147093_887288	"PLEASANT STREET"	12	0	147093	887288
M_147095_887549	"NORTH MAIN STREET"	14	0	147095	887549
M_147103_887366	"EAST MAIN STREET"	17	0	147103	887366
M_147105_885767	"LONG HILL RD"	130	0	147105	885767
M_147105_889322	"NEW BRAINTREE RD"	124	0	147105	889322
M_147106_887094	"PLEASANT STREET"	38	0	147106	887094
M_147106_889854	"BIRCH HILL ROAD"	91	0	147106	889854
M_147107_887327	"EAST MAIN STREET"	15	0	147107	887327
M_147112_887252	"PLEASANT STREET"	20	0	147112	887252
M_147113_887717	"CHURCH STREET"	34	0	147113	887717
M_147113_889404	"NEW BRAINTREE RD"	130	0	147113	889404
M_147114_884809	"LONG HILL RD"	172	0	147114	884809
M_147117_889943	"BIRCH HILL ROAD"	93	0	147117	889943
M_147118_884888	"LONG HILL RD"	168	0	147118	884888
M_147120_887234	"PLEASANT STREET"	22	0	147120	887234
M_147122_889483	"NEW BRAINTREE RD"	136	0	147122	889483
M_147123_887637	"MYRICK STREET"	24	0	147123	887637
M_147125_887347	"EAST MAIN STREET"	19	0	147125	887347
M_147127_887054	"PLEASANT STREET"	42	0	147127	887054
M_147129_887707	"CHURCH STREET"	32	0	147129	887707
M_147133_889565	"NEW BRAINTREE RD"	142	0	147133	889565
M_147134_884653	"LONG HILL RD"	184	0	147134	884653
M_147134_888993	"NEW BRAINTREE RD"	106	0	147134	888993
M_147136_887201	"PLEASANT STREET"	26	0	147136	887201
M_147138_888840	"NEW BRAINTREE RD"	96	0	147138	888840
M_147140_889070	"NEW BRAINTREE RD"	110	0	147140	889070
M_147142_887413	"EAST MAIN STREET"	24	0	147142	887413
M_147144_887619	"MYRICK STREET"	20	0	147144	887619
M_147146_889146	"NEW BRAINTREE RD"	114	0	147146	889146
M_147149_887326	"EAST MAIN STREET"	21	0	147149	887326
M_147154_887683	"CHURCH STREET"	26	0	147154	887683
M_147158_887524	"NORTH MAIN STREET"	18	0	147158	887524
M_147159_887940	"CHURCH STREET"	41	0	147159	887940
M_147159_889224	"NEW BRAINTREE RD"	118	0	147159	889224
M_147165_887601	"MYRICK STREET"	18	0	147165	887601
M_147166_887556	"NORTH MAIN STREET"	22	0	147166	887556
M_147176_887666	"CHURCH STREET"	22	0	147176	887666
M_147176_892141	"NEW BRAINTREE RD"	366	0	147176	892141
M_147178_887353	"EAST MAIN STREET"	25	0	147178	887353
M_147183_887587	"MYRICK STREET"	16	0	147183	887587
M_147186_887107	"PLEASANT STREET"	34	0	147186	887107
M_147187_886306	"FREIGHT HOUSE ROAD"	19	0	147187	886306
M_147199_891364	"SHEA ROAD"	226	0	147199	891364
M_147204_887760	"CHURCH STREET"	25	0	147204	887760
M_147205_887646	"CHURCH STREET"	18	0	147205	887646
M_147210_887551	"NORTH MAIN STREET"	24	0	147210	887551
M_147216_887613	"MYRICK STREET"	11	0	147216	887613
M_147219_887372	"EAST MAIN STREET"	31	0	147219	887372
M_147221_890116	"NEW BRAINTREE RD"	176	0	147221	890116
M_147226_889667	"NEW BRAINTREE RD"	148	0	147226	889667
M_147227_887566	"NORTH MAIN STREET"	28	0	147227	887566
M_147228_887644	"CHURCH STREET"	16	0	147228	887644
M_147235_887598	"NORTH MAIN STREET"	32	0	147235	887598
M_147242_887619	"OFF MYRICK STREET"	9	0	147242	887619
M_147244_887738	"CHURCH STREET"	19	0	147244	887738
M_147248_887236	"EAST MAIN STREET"	29	0	147248	887236
M_147248_887364	"EAST MAIN STREET"	33	0	147248	887364
M_147249_889782	"NEW BRAINTREE RD"	156	0	147249	889782
M_147250_888566	"NEW BRAINTREE RD"	72	0	147250	888566
M_147250_888566	"NEW BRAINTREE RD"	78	0	147250	888566
M_147250_888566	"NEW BRAINTREE RD"	82	0	147250	888566
M_147250_888566	"NEW BRAINTREE RD"	88	0	147250	888566
M_147250_889912	"NEW BRAINTREE RD"	164	0	147250	889912
M_147251_891987	"OFF NEW BRAINTREE RD"	0	0	147251	891987
M_147255_887405	"EAST MAIN STREET"	37	0	147255	887405
M_147257_887638	"CHURCH STREET"	10	0	147257	887638
M_147265_887698	"CHURCH STREET"	15	0	147265	887698
M_147266_888251	"NEW BRAINTREE RD"	50	0	147266	888251
M_147275_887604	"NORTH MAIN STREET"	36	0	147275	887604
M_147275_889232	"NEW BRAINTREE RD"	119	0	147275	889232
M_147276_889269	"NEW BRAINTREE RD"	121	0	147276	889269
M_147279_887838	"NEW BRAINTREE RD"	24	0	147279	887838
M_147280_889159	"NEW BRAINTREE RD"	113	0	147280	889159
M_147285_890358	"BIRCH HILL ROAD"	129	0	147285	890358
M_147289_889421	"NEW BRAINTREE RD"	131	0	147289	889421
M_147292_889459	"NEW BRAINTREE RD"	133	0	147292	889459
M_147293_887684	"NEW BRAINTREE RD"	2	0	147293	887684
M_147293_887729	"NEW BRAINTREE RD"	12	0	147293	887729
M_147299_887751	"NEW BRAINTREE RD"	14	0	147299	887751
M_147302_887360	"EAST MAIN STREET"	43	0	147302	887360
M_147302_889551	"NEW BRAINTREE RD"	139	0	147302	889551
M_147303_887776	"NEW BRAINTREE RD"	18	0	147303	887776
M_147313_888807	"NEW BRAINTREE RD"	90	0	147313	888807
M_147319_891048	"BIRCH HILL ROAD"	166	0	147319	891048
M_147331_887513	"EAST MAIN STREET"	48	0	147331	887513
M_147332_889024	"NEW BRAINTREE RD"	103	0	147332	889024
M_147336_888071	"NEW BRAINTREE RD"	39	0	147336	888071
M_147337_887653	"NORTH MAIN STREET"	46	0	147337	887653
M_147338_888000	"NEW BRAINTREE RD"	35	0	147338	888000
M_147341_889663	"NEW BRAINTREE RD"	147	0	147341	889663
M_147342_887697	"NEW BRAINTREE RD"	7	0	147342	887697
M_147343_889114	"NEW BRAINTREE RD"	109	0	147343	889114
M_147345_888097	"NEW BRAINTREE RD"	41	0	147345	888097
M_147346_887723	"NEW BRAINTREE RD"	11	0	147346	887723
M_147347_885113	"LONG HILL RD"	146	0	147347	885113
M_147350_889174	"NEW BRAINTREE RD"	111	0	147350	889174
M_147352_887745	"NEW BRAINTREE RD"	15	0	147352	887745
M_147356_887421	"EAST MAIN STREET"	51	0	147356	887421
M_147357_889779	"NEW BRAINTREE RD"	155	0	147357	889779
M_147359_887666	"NORTH MAIN STREET"	50	0	147359	887666
M_147359_887800	"NEW BRAINTREE RD"	21	0	147359	887800
M_147359_887831	"SHELDON DRIVE"	26	0	147359	887831
M_147360_889866	"NEW BRAINTREE RD"	161	0	147360	889866
M_147363_888134	"NEW BRAINTREE RD"	45	0	147363	888134
M_147367_888190	"NEW BRAINTREE RD"	47	0	147367	888190
M_147367_889579	"NEW BRAINTREE RD"	141	0	147367	889579
M_147374_889976	"NEW BRAINTREE RD"	167	0	147374	889976
M_147375_887425	"EAST MAIN STREET"	53	0	147375	887425
M_147380_887685	"NORTH MAIN STREET"	54	0	147380	887685
M_147381_890582	"NEW BRAINTREE RD"	228	0	147381	890582
M_147386_887761	"NEW BRAINTREE RD"	17	0	147386	887761
M_147388_889222	"OFF NEW BRAINTREE RD"	0	0	147388	889222
M_147391_890038	"NEW BRAINTREE RD"	173	0	147391	890038
M_147392_887429	"EAST MAIN STREET"	55	0	147392	887429
M_147395_889323	"NEW BRAINTREE RD"	127	0	147395	889323
M_147396_887331	"EAST MAIN STREET"	47	0	147396	887331
M_147400_889922	"NEW BRAINTREE RD"	163	0	147400	889922
M_147402_887701	"NORTH MAIN STREET"	56	0	147402	887701
M_147403_887881	"SHELDON DRIVE"	25	0	147403	887881
M_147404_888004	"NEW BRAINTREE RD"	33	0	147404	888004
M_147404_888248	"NEW BRAINTREE RD"	53	0	147404	888248
M_147415_890099	"NEW BRAINTREE RD"	177	0	147415	890099
M_147416_887792	"SHELDON DRIVE"	16	0	147416	887792
M_147417_887435	"EAST MAIN STREET"	59	0	147417	887435
M_147419_887627	"SCHOOL STREET"	19	0	147419	887627
M_147423_887716	"NORTH MAIN STREET"	60	0	147423	887716
M_147445_887656	"NORTH MAIN STREET"	57	0	147445	887656
M_147447_887440	"EAST MAIN STREET"	67	0	147447	887440
M_147447_887737	"NORTH MAIN STREET"	64	0	147447	887737
M_147448_890182	"NEW BRAINTREE RD"	183	0	147448	890182
M_147451_886837	"EAST MAIN STREET"	107	0	147451	886837
M_147451_887832	"SHELDON DRIVE"	15	0	147451	887832
M_147456_889479	"NEW BRAINTREE RD"	137	0	147456	889479
M_147461_887764	"SHELDON DRIVE"	8	0	147461	887764
M_147465_887610	"SCHOOL STREET"	15	0	147465	887610
M_147468_887675	"NORTH MAIN STREET"	61	0	147468	887675
M_147470_890575	"NEW BRAINTREE RD"	210	0	147470	890575
M_147473_887405	"EAST MAIN STREET"	73	0	147473	887405
M_147478_887539	"SCHOOL STREET"	9	0	147478	887539
M_147480_887805	"SHELDON DRIVE"	9	0	147480	887805
M_147481_887745	"NORTH MAIN STREET"	68	0	147481	887745
M_147483_888512	"NEW BRAINTREE RD"	71	0	147483	888512
M_147485_890271	"NEW BRAINTREE RD"	189	0	147485	890271
M_147489_887645	"MAPLE STREET"	24	0	147489	887645
M_147491_890707	"NEW BRAINTREE RD"	218	0	147491	890707
M_147494_887687	"NORTH MAIN STREET"	65	0	147494	887687
M_147495_888295	"NEW BRAINTREE RD"	57	0	147495	888295
M_147501_887863	"NORTH MAIN STREET"	102	0	147501	887863
M_147501_888581	"NEW BRAINTREE RD"	75	0	147501	888581
M_147503_888662	"NEW BRAINTREE RD"	81	0	147503	888662
M_147504_887385	"EAST MAIN STREET"	77	0	147504	887385
M_147509_888077	"NEW BRAINTREE RD"	31	0	147509	888077
M_147513_890369	"NEW BRAINTREE RD"	197	0	147513	890369
M_147514_888365	"NEW BRAINTREE RD"	63	0	147514	888365
M_147525_887728	"NORTH MAIN STREET"	71	0	147525	887728
M_147525_887793	"NORTH MAIN STREET"	82	0	147525	887793
M_147525_888433	"NEW BRAINTREE RD"	67	0	147525	888433
M_147528_890976	"NEW BRAINTREE RD"	236	0	147528	890976
M_147538_887250	"EAST MAIN STREET"	91	0	147538	887250
M_147538_887368	"EAST MAIN STREET"	85	0	147538	887368
M_147540_890490	"NEW BRAINTREE RD"	205	0	147540	890490
M_147547_887488	"EAST MAIN STREET"	78	0	147547	887488
M_147553_891090	"NEW BRAINTREE RD"	244	0	147553	891090
M_147554_887833	"NORTH MAIN STREET"	90	0	147554	887833
M_147556_886487	"OFF EAST MAIN STREET"	0	0	147556	886487
M_147561_887728	"WINTER STREET"	2	0	147561	887728
M_147563_887608	"MAPLE STREET"	21	0	147563	887608
M_147567_890624	"NEW BRAINTREE RD"	213	0	147567	890624
M_147568_887333	"EAST MAIN STREET"	87	0	147568	887333
M_147580_887720	"WINTER STREET"	6	0	147580	887720
M_147585_892098	"NEW BRAINTREE RD"	350	0	147585	892098
M_147586_887528	"MAPLE STREET"	15	0	147586	887528
M_147595_887888	"NORTH MAIN STREET"	104	0	147595	887888
M_147599_890718	"NEW BRAINTREE RD"	219	0	147599	890718
M_147605_887465	"EAST MAIN STREET"	84	0	147605	887465
M_147606_887710	"WINTER STREET"	10	0	147606	887710
M_147608_889867	"OFF NEW BRAINTREE RD"	0	0	147608	889867
M_147614_887616	"WINTER STREET"	15	0	147614	887616
M_147616_891185	"NEW BRAINTREE RD"	250	0	147616	891185
M_147620_891333	"NEW BRAINTREE RD"	264	0	147620	891333
M_147621_890774	"NEW BRAINTREE RD"	223	0	147621	890774
M_147624_888048	"WIGWAM ROAD"	10	0	147624	888048
M_147627_888816	"NEW BRAINTREE RD"	89	0	147627	888816
M_147628_890607	"OFF NEW BRAINTREE RD"	0	0	147628	890607
M_147633_887705	"WINTER STREET"	14	0	147633	887705
M_147640_891410	"NEW BRAINTREE RD"	270	0	147640	891410
M_147642_890831	"NEW BRAINTREE RD"	227	0	147642	890831
M_147644_891760	"NEW BRAINTREE RD"	280	0	147644	891760
M_147648_887592	"WINTER STREET"	19	0	147648	887592
M_147649_887460	"FOSTER HILL RD"	4	0	147649	887460
M_147652_887297	"EAST MAIN STREET"	94	0	147652	887297
M_147654_887698	"WINTER STREET"	16	0	147654	887698
M_147662_891473	"NEW BRAINTREE RD"	274	0	147662	891473
M_147665_887956	"WIGWAM ROAD"	4	0	147665	887956
M_147668_888207	"WIGWAM ROAD"	20	0	147668	888207
M_147674_887692	"WINTER STREET"	20	0	147674	887692
M_147678_887453	"FOSTER HILL RD"	6	0	147678	887453
M_147681_887328	"FOSTER HILL RD"	5	0	147681	887328
M_147688_890170	"OFF NEW BRAINTREE RD"	0	0	147688	890170
M_147689_888482	"WIGWAM ROAD"	40	0	147689	888482
M_147690_887580	"WINTER STREET"	25	0	147690	887580
M_147693_891542	"NEW BRAINTREE RD"	278	0	147693	891542
M_147697_889128	"WIGWAM ROAD"	78	0	147697	889128
M_147702_887683	"WINTER STREET"	24	0	147702	887683
M_147715_888277	"WIGWAM ROAD"	26	0	147715	888277
M_147718_888573	"WIGWAM ROAD"	42	0	147718	888573
M_147720_888136	"WIGWAM ROAD"	16	0	147720	888136
M_147726_887569	"WINTER STREET"	29	0	147726	887569
M_147728_886481	"EAST MAIN STREET"	143	0	147728	886481
M_147728_887434	"FOSTER HILL RD"	8	0	147728	887434
M_147732_888368	"WIGWAM ROAD"	32	0	147732	888368
M_147737_890884	"NEW BRAINTREE RD"	239	0	147737	890884
M_147740_886748	"EAST MAIN STREET"	131	0	147740	886748
M_147755_886863	"EAST MAIN STREET"	121	0	147755	886863
M_147755_887561	"WINTER STREET"	33	0	147755	887561
M_147757_887667	"WINTER STREET"	30	0	147757	887667
M_147765_890965	"NEW BRAINTREE RD"	243	0	147765	890965
M_147767_887054	"EAST MAIN STREET"	112	0	147767	887054
M_147781_888045	"NORTH MAIN STREET"	106	0	147781	888045
M_147782_885967	"OFF EAST MAIN STREET"	0	0	147782	885967
M_147782_890491	"OFF NEW BRAINTREE RD"	207	0	147782	890491
M_147788_886821	"EAST MAIN STREET"	125	0	147788	886821
M_147789_887401	"FOSTER HILL RD"	14	0	147789	887401
M_147791_887546	"WINTER STREET"	39	0	147791	887546
M_147791_889446	"WIGWAM ROAD"	92	0	147791	889446
M_147795_891036	"NEW BRAINTREE RD"	245	0	147795	891036
M_147798_886981	"EAST MAIN STREET"	118	0	147798	886981
M_147801_892346	"NEW BRAINTREE RD"	355	0	147801	892346
M_147811_887814	"NORTH MAIN STREET"	89	0	147811	887814
M_147813_888117	"WIGWAM ROAD"	17	0	147813	888117
M_147814_886351	"EAST MAIN STREET"	157	0	147814	886351
M_147815_887649	"WINTER STREET"	42	0	147815	887649
M_147818_891106	"NEW BRAINTREE RD"	247	0	147818	891106
M_147823_886285	"EAST MAIN STREET"	159	0	147823	886285
M_147823_888190	"WIGWAM ROAD"	21	0	147823	888190
M_147824_891332	"NEW BRAINTREE RD"	263	0	147824	891332
M_147825_886423	"EAST MAIN STREET"	153	0	147825	886423
M_147827_888274	"WIGWAM ROAD"	27	0	147827	888274
M_147830_889630	"OFF WIGWAM ROAD"	0	0	147830	889630
M_147838_886218	"EAST MAIN STREET"	163	0	147838	886218
M_147840_888397	"WIGWAM ROAD"	31	0	147840	888397
M_147844_891176	"NEW BRAINTREE RD"	253	0	147844	891176
M_147846_886660	"EAST MAIN STREET"	133	0	147846	886660
M_147855_887980	"NORTH MAIN STREET"	105	0	147855	887980
M_147860_889757	"OFF WIGWAM ROAD"	0	0	147860	889757
M_147867_891403	"NEW BRAINTREE RD"	269	0	147867	891403
M_147871_886807	"EAST MAIN STREET"	130	0	147871	886807
M_147878_891249	"NEW BRAINTREE RD"	259	0	147878	891249
M_147883_886602	"EAST MAIN STREET"	141	0	147883	886602
M_147884_886527	"EAST MAIN STREET"	145	0	147884	886527
M_147885_886162	"EAST MAIN STREET"	171	0	147885	886162
M_147900_887037	"EAST MAIN STREET"	108	0	147900	887037
M_147900_891484	"NEW BRAINTREE RD"	275	0	147900	891484
M_147902_887515	"WINTER STREET"	43	0	147902	887515
M_147905_886771	"EAST MAIN STREET"	132	0	147905	886771
M_147905_889215	"WIGWAM ROAD"	88	0	147905	889215
M_147914_889139	"WIGWAM ROAD"	84	0	147914	889139
M_147922_887378	"FOSTER HILL RD"	20	0	147922	887378
M_147922_887608	"WINTER STREET"	48	0	147922	887608
M_147928_886521	"EAST MAIN STREET"	147	0	147928	886521
M_147928_886731	"EAST MAIN STREET"	136	0	147928	886731
M_147938_886040	"EAST MAIN STREET"	175	0	147938	886040
M_147949_887277	"ASH LANE"	3	0	147949	887277
M_147951_888529	"WIGWAM ROAD"	45	0	147951	888529
M_147953_886703	"EAST MAIN STREET"	138	0	147953	886703
M_147966_889896	"WIGWAM ROAD"	140	0	147966	889896
M_147968_886662	"EAST MAIN STREET"	142	0	147968	886662
M_147981_886512	"EAST MAIN STREET"	150	0	147981	886512
M_147984_886567	"EAST MAIN STREET"	146	0	147984	886567
M_147984_887302	"ASH LANE"	5	0	147984	887302
M_147988_887109	"FOSTER HILL RD"	35	0	147988	887109
M_147989_889999	"WIGWAM ROAD"	148	0	147989	889999
M_148000_887278	"FOSTER HILL RD"	28	0	148000	887278
M_148009_886427	"EAST MAIN STREET"	156	0	148009	886427
M_148014_887325	"ASH LANE"	9	0	148014	887325
M_148035_887233	"FOSTER HILL RD"	32	0	148035	887233
M_148035_889672	"WIGWAM ROAD"	114	0	148035	889672
M_148038_887375	"ASH LANE"	10	0	148038	887375
M_148040_886405	"EAST MAIN STREET"	158	0	148040	886405
M_148048_890277	"WIGWAM ROAD"	164	0	148048	890277
M_148049_886375	"EAST MAIN STREET"	160	0	148049	886375
M_148053_887081	"FOSTER HILL RD"	39	0	148053	887081
M_148054_886311	"EAST MAIN STREET"	164	0	148054	886311
M_148059_886090	"EAST MAIN STREET"	177	0	148059	886090
M_148059_886345	"EAST MAIN STREET"	162	0	148059	886345
M_148059_891333	"OFF WIGWAM ROAD"	0	0	148059	891333
M_148069_886268	"EAST MAIN STREET"	166	0	148069	886268
M_148069_886631	"EAST MAIN STREET"	154	0	148069	886631
M_148092_887033	"FOSTER HILL RD"	43	0	148092	887033
M_148094_887374	"ASH LANE"	15	0	148094	887374
M_148096_886235	"EAST MAIN STREET"	170	0	148096	886235
M_148097_886326	"RIDGE RD"	6	0	148097	886326
M_148103_885981	"EAST MAIN STREET"	185	0	148103	885981
M_148106_886398	"POPLAR STREET"	7	0	148106	886398
M_148106_887167	"FOSTER HILL RD"	40	0	148106	887167
M_148109_890757	"WIGWAM ROAD"	196	0	148109	890757
M_148110_886193	"EAST MAIN STREET"	172	0	148110	886193
M_148115_886984	"JOHN PRICHARD LANE"	5	0	148115	886984
M_148121_886161	"EAST MAIN STREET"	174	0	148121	886161
M_148130_887236	"FOSTER HILL RD"	36	0	148130	887236
M_148132_886290	"RIDGE RD"	7	0	148132	886290
M_148132_886496	"POPLAR STREET"	2	0	148132	886496
M_148134_888790	"NORTH MAIN STREET"	124	0	148134	888790
M_148135_888074	"NORTH MAIN STREET"	125	0	148135	888074
M_148145_887020	"FOSTER HILL RD"	47	0	148145	887020
M_148149_886441	"POPLAR STREET"	4	0	148149	886441
M_148152_886131	"EAST MAIN STREET"	176	0	148152	886131
M_148158_886412	"POPLAR STREET"	6	0	148158	886412
M_148159_886940	"JOHN PRICHARD LANE"	6	0	148159	886940
M_148161_886053	"EAST MAIN STREET"	180	0	148161	886053
M_148163_886835	"FOSTER HILL RD"	55	0	148163	886835
M_148167_886238	"OFF RIDGE RD"	0	0	148167	886238
M_148167_886383	"POPLAR STREET"	8	0	148167	886383
M_148168_886529	"ASH STREET"	1	0	148168	886529
M_148177_886354	"POPLAR STREET"	10	0	148177	886354
M_148177_886499	"ASH STREET"	3	0	148177	886499
M_148181_886196	"OFF RIDGE RD"	0	0	148181	886196
M_148189_889623	"WIGWAM ROAD"	123	0	148189	889623
M_148191_886310	"RIDGE RD"	15	0	148191	886310
M_148191_886456	"ASH STREET"	7	0	148191	886456
M_148192_886973	"FOSTER HILL RD"	51	0	148192	886973
M_148192_891121	"WIGWAM ROAD"	212	0	148192	891121
M_148201_885992	"EAST MAIN STREET"	188	0	148201	885992
M_148201_886281	"RIDGE RD"	17	0	148201	886281
M_148201_886427	"ASH STREET"	9	0	148201	886427
M_148205_891595	"NEW BRAINTREE RD"	349	0	148205	891595
M_148210_886253	"RIDGE RD"	19	0	148210	886253
M_148215_885954	"EAST MAIN STREET"	190	0	148215	885954
M_148215_886384	"RIDGE RD"	14	0	148215	886384
M_148216_886157	"RIDGE RD"	25	0	148216	886157
M_148217_886541	"ASH STREET"	2	0	148217	886541
M_148220_886224	"RIDGE RD"	21	0	148220	886224
M_148228_886116	"RIDGE RD"	31	0	148228	886116
M_148230_885724	"EAST MAIN STREET"	193	0	148230	885724
M_148230_886195	"RIDGE RD"	23	0	148230	886195
M_148233_886504	"ASH STREET"	6	0	148233	886504
M_148234_891988	"OFF WIGWAM ROAD"	0	0	148234	891988
M_148241_889433	"WIGWAM ROAD"	105	0	148241	889433
M_148246_886476	"ASH STREET"	8	0	148246	886476
M_148249_886330	"RIDGE RD"	16	0	148249	886330
M_148257_889488	"WIGWAM ROAD"	109	0	148257	889488
M_148259_886301	"RIDGE RD"	18	0	148259	886301
M_148259_886448	"ASH STREET"	10	0	148259	886448
M_148260_887038	"FOSTER HILL RD"	52	0	148260	887038
M_148260_887263	"FOSTER HILL RD"	46	0	148260	887263
M_148265_886419	"ASH STREET"	12	0	148265	886419
M_148268_886273	"RIDGE RD"	20	0	148268	886273
M_148276_886388	"ASH STREET"	14	0	148276	886388
M_148278_886244	"RIDGE RD"	22	0	148278	886244
M_148287_886070	"RIDGE RD"	30	0	148287	886070
M_148288_886214	"RIDGE RD"	24	0	148288	886214
M_148289_889778	"WIGWAM ROAD"	127	0	148289	889778
M_148297_886186	"RIDGE RD"	26	0	148297	886186
M_148297_889846	"WIGWAM ROAD"	131	0	148297	889846
M_148298_886362	"ASH STREET"	16	0	148298	886362
M_148302_888251	"NORTH MAIN STREET"	138	0	148302	888251
M_148306_889909	"WIGWAM ROAD"	137	0	148306	889909
M_148312_886142	"RIDGE RD"	28	0	148312	886142
M_148312_886335	"ASH STREET"	18	0	148312	886335
M_148313_889975	"WIGWAM ROAD"	141	0	148313	889975
M_148320_890088	"WIGWAM ROAD"	147	0	148320	890088
M_148327_886308	"ASH STREET"	20	0	148327	886308
M_148330_886102	"ASH STREET"	31	0	148330	886102
M_148338_891134	"WIGWAM ROAD"	218	0	148338	891134
M_148341_886281	"ASH STREET"	22	0	148341	886281
M_148342_890336	"WIGWAM ROAD"	167	0	148342	890336
M_148356_886254	"ASH STREET"	24	0	148356	886254
M_148368_887638	"NORTH MAIN STREET"	141	0	148368	887638
M_148369_889627	"OFF WIGWAM ROAD"	0	0	148369	889627
M_148370_886226	"ASH STREET"	26	0	148370	886226
M_148370_890594	"WIGWAM ROAD"	183	0	148370	890594
M_148380_885543	"EAST MAIN STREET"	219	0	148380	885543
M_148385_886199	"ASH STREET"	28	0	148385	886199
M_148399_886172	"ASH STREET"	30	0	148399	886172
M_148413_891051	"WIGWAM ROAD"	215	0	148413	891051
M_148414_886145	"ASH STREET"	32	0	148414	886145
M_148417_890739	"WIGWAM ROAD"	191	0	148417	890739
M_148429_886117	"ASH STREET"	34	0	148429	886117
M_148429_886543	"FOSTER HILL RD"	79	0	148429	886543
M_148445_891477	"WIGWAM ROAD"	240	0	148445	891477
M_148450_891309	"WIGWAM ROAD"	232	0	148450	891309
M_148459_891973	"WIGWAM ROAD"	286	0	148459	891973
M_148471_892302	"WIGWAM ROAD"	302	0	148471	892302
M_148474_890934	"WIGWAM ROAD"	195	0	148474	890934
M_148485_891382	"WIGWAM ROAD"	236	0	148485	891382
M_148491_890363	"OFF WIGWAM ROAD"	0	0	148491	890363
M_148502_885951	"FOSTER HILL RD"	121	0	148502	885951
M_148511_888173	"NORTH MAIN STREET"	151	0	148511	888173
M_148550_891635	"WIGWAM ROAD"	256	0	148550	891635
M_148558_891205	"WIGWAM ROAD"	227	0	148558	891205
M_148569_885671	"EAST MAIN STREET"	224	0	148569	885671
M_148587_891545	"WIGWAM ROAD"	250	0	148587	891545
M_148597_886802	"FOSTER HILL RD"	80	0	148597	886802
M_148620_891724	"WIGWAM ROAD"	264	0	148620	891724
M_148620_891816	"WIGWAM ROAD"	270	0	148620	891816
M_148623_891886	"WIGWAM ROAD"	274	0	148623	891886
M_148624_887115	"FOSTER HILL RD"	64	0	148624	887115
M_148638_885353	"EAST MAIN STREET"	231	0	148638	885353
M_148660_888459	"NORTH MAIN STREET"	166	0	148660	888459
M_148665_889989	"HUNT ROAD"	96	0	148665	889989
M_148672_891396	"WIGWAM CROSS RD"	5	0	148672	891396
M_148679_885665	"EAST MAIN STREET"	232	0	148679	885665
M_148685_891531	"WIGWAM CROSS RD"	8	0	148685	891531
M_148689_889623	"HUNT ROAD"	82	0	148689	889623
M_148692_886548	"FOSTER HILL RD"	95	0	148692	886548
M_148692_892261	"WIGWAM ROAD"	299	0	148692	892261
M_148700_886274	"FOSTER HILL RD"	117	0	148700	886274
M_148712_886479	"FOSTER HILL RD"	99	0	148712	886479
M_148714_886343	"FOSTER HILL RD"	111	0	148714	886343
M_148723_885604	"EAST MAIN STREET"	236	0	148723	885604
M_148726_885935	"FOSTER HILL RD"	137	0	148726	885935
M_148726_892085	"WIGWAM ROAD"	285	0	148726	892085
M_148729_888864	"NORTH MAIN STREET"	150	0	148729	888864
M_148734_886733	"GEORGE ALLEN RD"	9	0	148734	886733
M_148737_886644	"FOSTER HILL RD"	92	0	148737	886644
M_148740_886421	"FOSTER HILL RD"	105	0	148740	886421
M_148741_891643	"WIGWAM ROAD"	261	0	148741	891643
M_148742_885578	"EAST MAIN STREET"	238	0	148742	885578
M_148762_891893	"WIGWAM ROAD"	273	0	148762	891893
M_148762_892001	"WIGWAM ROAD"	277	0	148762	892001
M_148782_891542	"WIGWAM CROSS RD"	12	0	148782	891542
M_148783_891705	"WIGWAM ROAD"	265	0	148783	891705
M_148786_885642	"EAST MAIN STREET"	240	0	148786	885642
M_148787_887974	"NORTH MAIN STREET"	159	0	148787	887974
M_148793_886605	"FOSTER HILL RD"	96	0	148793	886605
M_148795_888175	"OLD NO BROOKFIELD RD"	7	0	148795	888175
M_148795_892140	"WIGWAM ROAD"	291	0	148795	892140
M_148797_887094	"GEORGE ALLEN RD"	24	0	148797	887094
M_148800_891771	"WIGWAM ROAD"	271	0	148800	891771
M_148817_886812	"GEORGE ALLEN RD"	17	0	148817	886812
M_148826_885733	"FOSTER HILL RD"	145	0	148826	885733
M_148828_887783	"GEORGE ALLEN RD"	80	0	148828	887783
M_148829_887402	"GEORGE ALLEN ROAD"	52	0	148829	887402
M_148830_888305	"OLD NO BROOKFIELD RD"	6	0	148830	888305
M_148831_886864	"GEORGE ALLEN RD"	19	0	148831	886864
M_148835_885550	"EAST MAIN STREET"	244	0	148835	885550
M_148837_886549	"FOSTER HILL RD"	102	0	148837	886549
M_148837_892213	"WIGWAM ROAD"	295	0	148837	892213
M_148845_889955	"OFF OLD W BRK RD"	0	0	148845	889955
M_148854_888391	"HUNT ROAD"	5	0	148854	888391
M_148855_886356	"FOSTER HILL RD"	118	0	148855	886356
M_148855_888196	"OLD NO BROOKFIELD RD"	11	0	148855	888196
M_148871_889199	"HUNT ROAD"	60	0	148871	889199
M_148873_886876	"GEORGE ALLEN RD"	23	0	148873	886876
M_148887_887511	"GEORGE ALLEN RD"	62	0	148887	887511
M_148898_889313	"HUNT ROAD"	68	0	148898	889313
M_148898_889384	"HUNT ROAD"	72	0	148898	889384
M_148901_886924	"GEORGE ALLEN RD"	25	0	148901	886924
M_148904_887610	"GEORGE ALLEN RD"	70	0	148904	887610
M_148909_889830	"HUNT ROAD"	102	0	148909	889830
M_148914_892024	"OFF WIGWAM ROAD"	0	0	148914	892024
M_148918_887652	"GEORGE ALLEN RD"	78	0	148918	887652
M_148934_888307	"NORTH MAIN STREET"	184	0	148934	888307
M_148939_888232	"OLD NO BROOKFIELD RD"	14	0	148939	888232
M_148939_889635	"HUNT ROAD"	86	0	148939	889635
M_148943_886946	"GEORGE ALLEN RD"	29	0	148943	886946
M_148964_888442	"HUNT ROAD"	29	0	148964	888442
M_148980_888596	"HUNT ROAD"	19	0	148980	888596
M_148987_888058	"OLD NO BROOKFIELD RD"	17	0	148987	888058
M_148997_886996	"GEORGE ALLEN RD"	33	0	148997	886996
M_149009_888851	"HUNT ROAD"	37	0	149009	888851
M_149023_889404	"HUNT ROAD"	71	0	149023	889404
M_149027_887041	"GEORGE ALLEN RD"	37	0	149027	887041
M_149031_887536	"GEORGE ALLEN RD"	66	0	149031	887536
M_149032_888310	"NORTH MAIN STREET"	190	0	149032	888310
M_149032_889288	"OLD W BROOKFIELD RD"	10	0	149032	889288
M_149041_887078	"GEORGE ALLEN RD"	39	0	149041	887078
M_149042_889495	"HUNT ROAD"	77	0	149042	889495
M_149045_887123	"GEORGE ALLEN RD"	41	0	149045	887123
M_149050_887193	"GEORGE ALLEN RD"	45	0	149050	887193
M_149050_888914	"HUNT ROAD"	41	0	149050	888914
M_149055_889688	"HUNT ROAD"	95	0	149055	889688
M_149060_889556	"HUNT ROAD"	83	0	149060	889556
M_149077_889614	"HUNT ROAD"	87	0	149077	889614
M_149087_887729	"GEORGE ALLEN RD"	82	0	149087	887729
M_149105_889407	"OLD W BROOKFIELD RD"	18	0	149105	889407
M_149107_887805	"GEORGE ALLEN RD"	88	0	149107	887805
M_149107_888987	"HUNT ROAD"	47	0	149107	888987
M_149115_889096	"HUNT ROAD"	53	0	149115	889096
M_149125_887283	"GEORGE ALLEN RD"	53	0	149125	887283
M_149127_887356	"GEORGE ALLEN RD"	65	0	149127	887356
M_149138_887889	"GEORGE ALLEN RD"	90	0	149138	887889
M_149157_887577	"GEORGE ALLEN RD"	73	0	149157	887577
M_149164_889461	"OLD W BROOKFIELD RD"	24	0	149164	889461
M_149166_887983	"GEORGE ALLEN RD"	98	0	149166	887983
M_149176_888060	"GEORGE ALLEN RD"	100	0	149176	888060
M_149207_889266	"OLD W BROOKFIELD RD"	17	0	149207	889266
M_149211_889488	"OLD W BROOKFIELD RD"	28	0	149211	889488
M_149222_887159	"GEORGE ALLEN RD"	49	0	149222	887159
M_149231_887734	"GEORGE ALLEN RD"	85	0	149231	887734
M_149248_887520	"GEORGE ALLEN RD"	69	0	149248	887520
M_149282_887845	"GEORGE ALLEN ROAD"	95	0	149282	887845
M_149307_887397	"GEORGE ALLEN RD"	61	0	149307	887397
M_149311_887613	"GEORGE ALLEN RD"	77	0	149311	887613
M_149329_887902	"GEORGE ALLEN ROAD"	99	0	149329	887902
M_149440_887847	"GEORGE ALLEN RD"	0	0	149440	887847
M_149455_887732	"GEORGE ALLEN RD"	91	0	149455	887732
